window_id,window_rule,subject_id,condition,scenario_id,scenario_name,event_id,source_file,initiator_prefix,sampling_rate_hz,segmentation_rule,source_row,scenario_segment_id,Messzeitpunkt,TimeMS,JPUMultiDriverDemux.driverNumber,HV1.ID1,HV1.v1,HV1.v_kmh1,HV1.LaneID1,HV1.SLaneInfo1 (Lane position on the current lane [m]),HV1.LateralDistance1 (Abstand zur Idealspur),HV1.ax,HV1.ay,HV1.az,HV1.vx,HV1.vy,HV1.vz,HV1.X,HV1.Y,HV1.yaw,HV1.Active,HV1.IndicatorLeft,HV1.IndicatorRight,HV1.BrakePedal,Ego.Global.X,Ego.Global.Y,Ego.ModuleID,Ego.NodeID,Ego.s,Ego.LaneIdx (Lane ID of Ego),Ego.LateralDistance,Ego.v,Ego.v_kmh,Ego.vx,Ego.vy,Ego.vz,Ego.ax,Ego.ay,Ego.az,Ego.SteeringWheel,Ego.AcceleratorPedal,Ego.Bremspedal,Ego.IndicatorLeft,Ego.IndicatorRight,Ego.StateLatAndLong,Ego.StateLong,Ego.THW,Ego.TTC,Ego.DistanceFront,Ego.TRFIDFront,Ego.DistanceFrontLeft,Ego.TRFIDFrontLeft,Ego.DistanceFrontRight,Ego.TRFIDFrontRight,Ego.DistanceRear,Ego.TRFIDRear,Ego.DistanceRearLeft,Ego.TRFIDRearLeft,Ego.DistanceRearRight,Ego.TRFIDRearRight
P21_HV1_1_interaction,active_and_state_lat_and_long_zero_last_source_row_continuous_segment,P21,HV1,1,on_ramp,P21_HV1_1,P21_HV1.1.asc,HV1,60,initiator_active,2929,1,48816.67,48816.6683,1.0,1.0,22.829375,82.185751,195.0,11.762987,1191.180787,-0.070134,1.956902,0.0,22.82744,-0.116233,0.0,1191.309505,-24.163639,6.08006,1.0,0.0,0.0,0.0,1114.275841,-33.019734,1021.0,5006.0,0.0,175.0,0.038503,34.906322,125.662758,34.906315,-0.020935,-4.4e-05,0.118574,-0.022055,-0.000424,0.010833,0.0,0.0,0.0,0.0,0.0,0.0,-9999.0,-9999.0,-9999.0,-9999.0,-9999.0,-9999.0,-9999.0,-9999.0,-9999.0,-9999.0,-9999.0,-9999.0,-9999.0,-9999.0
P21_HV1_1_interaction,active_and_state_lat_and_long_zero_last_source_row_continuous_segment,P21,HV1,1,on_ramp,P21_HV1_1,P21_HV1.1.asc,HV1,60,initiator_active,2930,1,48833.33,48833.334,1.0,1.0,22.828078,82.181082,195.0,12.143529,1191.554538,-0.065727,1.952585,0.0,22.826148,-0.116123,0.0,1191.681828,-24.241886,6.081484,1.0,0.0,0.0,0.0,1114.857575,-33.024462,1021.0,5006.0,0.0,175.0,0.037707,34.908297,125.66987,34.908291,-0.02142,-5.1e-05,0.118498,-0.018909,-0.000429,0.010048,0.0,0.0,0.0,0.0,0.0,0.0,-9999.0,-9999.0,-9999.0,-9999.0,-9999.0,-9999.0,-9999.0,-9999.0,-9999.0,-9999.0,-9999.0,-9999.0,-9999.0,-9999.0
P21_HV1_1_interaction,active_and_state_lat_and_long_zero_last_source_row_continuous_segment,P21,HV1,1,on_ramp,P21_HV1_1,P21_HV1.1.asc,HV1,60,initiator_active,2931,1,48850.0,48850.0006,1.0,1.0,22.826779,82.176403,195.0,12.524067,1191.928374,-0.091816,1.949226,0.0,22.824585,-0.115991,0.0,1192.054242,-24.319597,6.082903,1.0,0.0,0.0,0.0,1115.439343,-33.029196,1021.0,5006.0,0.0,175.0,0.036904,34.910272,125.676978,34.910265,-0.021887,-5.8e-05,0.118434,-0.01744,-0.000387,0.010833,0.363636,0.0,0.0,0.0,0.0,1.0,-9999.0,-9999.0,-9999.0,-9999.0,-9999.0,-9999.0,-9999.0,-9999.0,-9999.0,-9999.0,-9999.0,-9999.0,-9999.0,-9999.0
P21_HV1_1_interaction,active_and_state_lat_and_long_zero_last_source_row_continuous_segment,P21,HV1,1,on_ramp,P21_HV1_1,P21_HV1.1.asc,HV1,60,initiator_active,2932,1,48866.67,48866.6677,1.0,1.0,22.825523,82.171884,195.0,12.904585,1192.302293,-0.065397,1.944372,0.0,22.823085,-0.115809,0.0,1192.426738,-24.396774,6.084318,1.0,0.0,0.0,0.0,1116.021143,-33.033936,1021.0,5006.0,0.0,175.0,0.036096,34.912245,125.684083,34.912238,-0.022352,-6.3e-05,0.118418,-0.016017,-0.000307,0.01099,0.363636,0.0,0.0,0.0,0.0,1.0,-9999.0,-9999.0,-9999.0,-9999.0,-9999.0,-9999.0,-9999.0,-9999.0,-9999.0,-9999.0,-9999.0,-9999.0,-9999.0,-9999.0
P21_HV1_1_interaction,active_and_state_lat_and_long_zero_last_source_row_continuous_segment,P21,HV1,1,on_ramp,P21_HV1_1,P21_HV1.1.asc,HV1,60,initiator_active,2933,1,48883.33,48883.3343,1.0,1.0,22.823743,82.165476,195.0,13.285081,1192.676288,-0.065639,1.943291,0.0,22.821845,-0.115608,0.0,1192.799321,-24.473416,6.085729,1.0,0.0,0.0,0.0,1116.602976,-33.038681,1021.0,5006.0,0.0,175.0,0.035283,34.914222,125.691201,34.914215,-0.022813,-6.7e-05,0.118796,-0.015153,-0.000208,0.011304,0.363636,0.0,0.0,0.0,0.0,1.0,-9999.0,-9999.0,-9999.0,-9999.0,-9999.0,-9999.0,-9999.0,-9999.0,-9999.0,-9999.0,-9999.0,-9999.0,-9999.0,-9999.0
P21_HV1_1_interaction,active_and_state_lat_and_long_zero_last_source_row_continuous_segment,P21,HV1,1,on_ramp,P21_HV1_1,P21_HV1.1.asc,HV1,60,initiator_active,2934,1,48900.0,48900.0007,1.0,1.0,22.822464,82.160869,195.0,13.665565,1193.050362,-0.064539,1.942253,0.0,22.820619,-0.115342,0.0,1193.171991,-24.549527,6.087136,1.0,0.0,0.0,0.0,1117.184842,-33.043431,1021.0,5006.0,0.0,175.0,0.034465,34.916206,125.698342,34.916198,-0.023274,-7e-05,0.119134,-0.014443,-0.000101,0.011618,0.363636,0.0,0.0,0.0,0.0,1.0,-9999.0,-9999.0,-9999.0,-9999.0,-9999.0,-9999.0,-9999.0,-9999.0,-9999.0,-9999.0,-9999.0,-9999.0,-9999.0,-9999.0
P21_HV1_1_interaction,active_and_state_lat_and_long_zero_last_source_row_continuous_segment,P21,HV1,1,on_ramp,P21_HV1_1,P21_HV1.1.asc,HV1,60,initiator_active,2935,1,48916.67,48916.6668,1.0,1.0,22.821222,82.1564,195.0,14.046036,1193.424518,-0.069734,1.941936,0.0,22.819378,-0.114992,0.0,1193.54475,-24.625106,6.088539,1.0,0.0,0.0,0.0,1117.766742,-33.048185,1021.0,5006.0,0.0,175.0,0.033643,34.918194,125.705497,34.918185,-0.023724,-7e-05,0.119295,-0.013117,7e-06,0.011618,0.363636,0.0,0.0,0.0,0.0,1.0,-9999.0,-9999.0,-9999.0,-9999.0,-9999.0,-9999.0,-9999.0,-9999.0,-9999.0,-9999.0,-9999.0,-9999.0,-9999.0,-9999.0
P21_HV1_1_interaction,active_and_state_lat_and_long_zero_last_source_row_continuous_segment,P21,HV1,1,on_ramp,P21_HV1_1,P21_HV1.1.asc,HV1,60,initiator_active,2936,1,48933.33,48933.3343,1.0,1.0,22.820006,82.152023,195.0,14.426494,1193.798754,-0.067269,1.939764,0.0,22.818073,-0.114594,0.0,1193.917594,-24.700152,6.08994,1.0,0.0,0.0,0.0,1118.348674,-33.052943,1021.0,5006.0,0.0,175.0,0.032817,34.920182,125.712657,34.920174,-0.024156,-6.9e-05,0.11934,-0.011842,0.000106,0.011618,0.363636,0.0,0.0,0.0,0.0,1.0,-9999.0,-9999.0,-9999.0,-9999.0,-9999.0,-9999.0,-9999.0,-9999.0,-9999.0,-9999.0,-9999.0,-9999.0,-9999.0,-9999.0
P21_HV1_1_interaction,active_and_state_lat_and_long_zero_last_source_row_continuous_segment,P21,HV1,1,on_ramp,P21_HV1_1,P21_HV1.1.asc,HV1,60,initiator_active,2937,1,48950.0,48950.0004,1.0,1.0,22.818722,82.147398,195.0,14.806941,1194.173069,-0.069771,1.940357,0.0,22.816805,-0.114185,0.0,1194.290523,-24.774666,6.091338,1.0,0.0,0.0,0.0,1118.930639,-33.057706,1021.0,5006.0,0.0,175.0,0.031987,34.922171,125.719817,34.922163,-0.024568,-6.7e-05,0.119328,-0.010634,0.000192,0.011618,0.353535,0.0,0.0,0.0,0.0,1.0,-9999.0,-9999.0,-9999.0,-9999.0,-9999.0,-9999.0,-9999.0,-9999.0,-9999.0,-9999.0,-9999.0,-9999.0,-9999.0,-9999.0
P21_HV1_1_interaction,active_and_state_lat_and_long_zero_last_source_row_continuous_segment,P21,HV1,1,on_ramp,P21_HV1_1,P21_HV1.1.asc,HV1,60,initiator_active,2938,1,48966.67,48966.6667,1.0,1.0,22.817438,82.142775,195.0,15.18738,1194.547461,-0.072018,1.940529,0.0,22.815478,-0.113723,0.0,1194.663536,-24.848648,6.092735,1.0,0.0,0.0,0.0,1119.512637,-33.062471,1021.0,5006.0,0.0,175.0,0.031155,34.92416,125.726976,34.924151,-0.024959,-6.3e-05,0.11929,-0.009493,0.000259,0.011618,0.353535,0.0,0.0,0.0,0.0,1.0,-9999.0,-9999.0,-9999.0,-9999.0,-9999.0,-9999.0,-9999.0,-9999.0,-9999.0,-9999.0,-9999.0,-9999.0,-9999.0,-9999.0
P21_HV1_1_interaction,active_and_state_lat_and_long_zero_last_source_row_continuous_segment,P21,HV1,1,on_ramp,P21_HV1_1,P21_HV1.1.asc,HV1,60,initiator_active,2939,1,48983.33,48983.3346,1.0,1.0,22.81615,82.13814,195.0,15.567805,1194.92193,-0.069956,1.939063,0.0,22.814155,-0.113232,0.0,1195.036632,-24.922097,6.094131,1.0,0.0,0.0,0.0,1120.094666,-33.067239,1021.0,5006.0,0.0,175.0,0.03032,34.923712,125.725362,34.923702,-0.02533,-6.3e-05,-0.159424,-0.008246,-0.000151,0.011618,0.353535,0.0,0.0,0.0,0.0,1.0,-9999.0,-9999.0,-9999.0,-9999.0,-9999.0,-9999.0,-9999.0,-9999.0,-9999.0,-9999.0,-9999.0,-9999.0,-9999.0,-9999.0
P21_HV1_1_interaction,active_and_state_lat_and_long_zero_last_source_row_continuous_segment,P21,HV1,1,on_ramp,P21_HV1_1,P21_HV1.1.asc,HV1,60,initiator_active,2940,1,49000.0,49000.0002,1.0,1.0,22.814805,82.133297,195.0,15.948217,1195.296474,-0.073783,1.940959,0.0,22.812806,-0.112762,0.0,1195.40981,-24.995013,6.095527,1.0,0.0,0.0,0.0,1120.676683,-33.07201,1021.0,5006.0,0.0,175.0,0.029482,34.919058,125.708609,34.919048,-0.025681,-7.8e-05,-0.336569,-0.007119,-0.001805,0.011775,0.363636,0.0,0.0,0.0,0.0,1.0,-9999.0,-9999.0,-9999.0,-9999.0,-9999.0,-9999.0,-9999.0,-9999.0,-9999.0,-9999.0,-9999.0,-9999.0,-9999.0,-9999.0
P21_HV1_1_interaction,active_and_state_lat_and_long_zero_last_source_row_continuous_segment,P21,HV1,1,on_ramp,P21_HV1_1,P21_HV1.1.asc,HV1,60,initiator_active,2941,1,49016.67,49016.6678,1.0,1.0,22.813499,82.128595,195.0,16.328627,1195.671093,-0.068923,1.941565,0.0,22.811444,-0.112279,0.0,1195.783068,-25.067396,6.096924,1.0,0.0,0.0,0.0,1121.258635,-33.076783,1021.0,5006.0,0.0,175.0,0.028643,34.915748,125.696693,34.915738,-0.026005,-0.000119,-0.053259,-0.005388,-0.003318,0.011775,0.363636,0.0,0.0,0.0,0.0,1.0,-9999.0,-9999.0,-9999.0,-9999.0,-9999.0,-9999.0,-9999.0,-9999.0,-9999.0,-9999.0,-9999.0,-9999.0,-9999.0,-9999.0
P21_HV1_1_interaction,active_and_state_lat_and_long_zero_last_source_row_continuous_segment,P21,HV1,1,on_ramp,P21_HV1_1,P21_HV1.1.asc,HV1,60,initiator_active,2942,1,49033.34,49033.3382,1.0,1.0,22.812118,82.123624,195.0,16.709019,1196.045785,-0.061219,1.943447,0.0,22.810236,-0.111818,0.0,1196.156407,-25.139245,6.098322,1.0,0.0,0.0,0.0,1121.840542,-33.081556,1021.0,5006.0,0.0,175.0,0.027803,34.917154,125.701753,34.917144,-0.02629,-0.000187,0.150391,-0.003405,-0.00442,0.011775,0.363636,0.0,0.0,0.0,0.0,1.0,-9999.0,-9999.0,-9999.0,-9999.0,-9999.0,-9999.0,-9999.0,-9999.0,-9999.0,-9999.0,-9999.0,-9999.0,-9999.0,-9999.0
P21_HV1_1_interaction,active_and_state_lat_and_long_zero_last_source_row_continuous_segment,P21,HV1,1,on_ramp,P21_HV1_1,P21_HV1.1.asc,HV1,60,initiator_active,2943,1,49050.01,49050.0078,1.0,1.0,22.810797,82.118869,195.0,17.089401,1196.420549,-0.069617,1.944433,0.0,22.809004,-0.111357,0.0,1196.529828,-25.210561,6.099722,1.0,0.0,0.0,0.0,1122.422463,-33.086331,1021.0,5006.0,0.0,175.0,0.026963,34.920458,125.713649,34.920448,-0.026533,-0.000257,0.220652,-0.00163,-0.003892,0.011775,0.363636,0.0,0.0,0.0,0.0,1.0,-9999.0,-9999.0,-9999.0,-9999.0,-9999.0,-9999.0,-9999.0,-9999.0,-9999.0,-9999.0,-9999.0,-9999.0,-9999.0,-9999.0
P21_HV1_1_interaction,active_and_state_lat_and_long_zero_last_source_row_continuous_segment,P21,HV1,1,on_ramp,P21_HV1_1,P21_HV1.1.asc,HV1,60,initiator_active,2944,1,49066.67,49066.6668,1.0,1.0,22.809653,82.114752,195.0,17.46979,1196.795388,-0.070666,1.949346,0.0,22.807711,-0.110912,0.0,1196.903329,-25.281341,6.101125,1.0,0.0,0.0,0.0,1123.004434,-33.091107,1021.0,5006.0,0.0,175.0,0.026122,34.924401,125.727844,34.924391,-0.026733,-0.000304,0.244016,-0.000379,-0.001917,0.011775,0.353535,0.0,0.0,0.0,0.0,1.0,-9999.0,-9999.0,-9999.0,-9999.0,-9999.0,-9999.0,-9999.0,-9999.0,-9999.0,-9999.0,-9999.0,-9999.0,-9999.0,-9999.0
P21_HV1_1_interaction,active_and_state_lat_and_long_zero_last_source_row_continuous_segment,P21,HV1,1,on_ramp,P21_HV1_1,P21_HV1.1.asc,HV1,60,initiator_active,2945,1,49083.33,49083.3336,1.0,1.0,22.808351,82.110064,195.0,17.850155,1197.170299,-0.073709,1.952286,0.0,22.806397,-0.110499,0.0,1197.27691,-25.351586,6.102531,1.0,0.0,0.0,0.0,1123.586468,-33.095883,1021.0,5006.0,0.0,175.0,0.025282,34.928555,125.742799,34.928545,-0.026896,-0.000312,0.25168,0.000269,0.000547,0.011775,0.353535,0.0,0.0,0.0,0.0,1.0,-9999.0,-9999.0,-9999.0,-9999.0,-9999.0,-9999.0,-9999.0,-9999.0,-9999.0,-9999.0,-9999.0,-9999.0,-9999.0,-9999.0
P21_HV1_1_interaction,active_and_state_lat_and_long_zero_last_source_row_continuous_segment,P21,HV1,1,on_ramp,P21_HV1_1,P21_HV1.1.asc,HV1,60,initiator_active,2946,1,49100.0,49100.0008,1.0,1.0,22.80705,82.105379,195.0,18.230518,1197.545281,-0.068301,1.955594,0.0,22.805041,-0.110103,0.0,1197.650568,-25.421293,6.103941,1.0,0.0,0.0,0.0,1124.168571,-33.10066,1021.0,5006.0,0.0,175.0,0.024443,34.932778,125.758,34.932767,-0.027031,-0.000283,0.254107,0.000351,0.002432,0.011775,0.353535,0.0,0.0,0.0,0.0,1.0,-9999.0,-9999.0,-9999.0,-9999.0,-9999.0,-9999.0,-9999.0,-9999.0,-9999.0,-9999.0,-9999.0,-9999.0,-9999.0,-9999.0
P21_HV1_1_interaction,active_and_state_lat_and_long_zero_last_source_row_continuous_segment,P21,HV1,1,on_ramp,P21_HV1_1,P21_HV1.1.asc,HV1,60,initiator_active,2947,1,49116.67,49116.6671,1.0,1.0,22.80571,82.100557,195.0,18.61089,1197.920334,-0.070585,1.957493,0.0,22.803764,-0.10976,0.0,1198.024304,-25.490462,6.105357,1.0,0.0,0.0,0.0,1124.750744,-33.105436,1021.0,5006.0,0.0,175.0,0.023605,34.936935,125.772967,34.936925,-0.027144,-0.000231,0.245,-2.9e-05,0.003522,0.011775,0.353535,0.0,0.0,0.0,0.0,1.0,-9999.0,-9999.0,-9999.0,-9999.0,-9999.0,-9999.0,-9999.0,-9999.0,-9999.0,-9999.0,-9999.0,-9999.0,-9999.0,-9999.0
P21_HV1_1_interaction,active_and_state_lat_and_long_zero_last_source_row_continuous_segment,P21,HV1,1,on_ramp,P21_HV1_1,P21_HV1.1.asc,HV1,60,initiator_active,2948,1,49133.33,49133.3342,1.0,1.0,22.8044,82.095841,195.0,18.99123,1198.295455,-0.068325,1.963639,0.0,22.802449,-0.109498,0.0,1198.398118,-25.559091,6.106777,1.0,0.0,0.0,0.0,1125.332985,-33.110213,1021.0,5006.0,0.0,175.0,0.022768,34.940989,125.787562,34.940979,-0.027244,-0.000168,0.244733,-0.000709,0.003842,0.011775,0.353535,0.0,0.0,0.0,0.0,1.0,-9999.0,-9999.0,-9999.0,-9999.0,-9999.0,-9999.0,-9999.0,-9999.0,-9999.0,-9999.0,-9999.0,-9999.0,-9999.0,-9999.0
P21_HV1_1_interaction,active_and_state_lat_and_long_zero_last_source_row_continuous_segment,P21,HV1,1,on_ramp,P21_HV1_1,P21_HV1.1.asc,HV1,60,initiator_active,2949,1,49150.0,49150.001,1.0,1.0,22.803104,82.091173,195.0,19.371575,1198.670645,-0.066368,1.969089,0.0,22.801121,-0.109263,0.0,1198.772008,-25.62718,6.108203,1.0,0.0,0.0,0.0,1125.915295,-33.11499,1021.0,5006.0,0.0,175.0,0.021932,34.945181,125.802652,34.94517,-0.027337,-0.000105,0.258291,-0.001547,0.003712,0.011775,0.353535,0.0,0.0,0.0,0.0,1.0,-9999.0,-9999.0,-9999.0,-9999.0,-9999.0,-9999.0,-9999.0,-9999.0,-9999.0,-9999.0,-9999.0,-9999.0,-9999.0,-9999.0
P21_HV1_1_interaction,active_and_state_lat_and_long_zero_last_source_row_continuous_segment,P21,HV1,1,on_ramp,P21_HV1_1,P21_HV1.1.asc,HV1,60,initiator_active,2950,1,49166.67,49166.6668,1.0,1.0,22.801808,82.086508,195.0,19.751936,1199.045904,-0.063993,1.972785,0.0,22.799929,-0.10908,0.0,1199.145975,-25.694726,6.109636,1.0,0.0,0.0,0.0,1126.497675,-33.119768,1021.0,5006.0,0.0,175.0,0.021097,34.94962,125.818633,34.94961,-0.027429,-4.6e-05,0.267748,-0.00244,0.003385,0.011775,0.353535,0.0,0.0,0.0,0.0,1.0,-9999.0,-9999.0,-9999.0,-9999.0,-9999.0,-9999.0,-9999.0,-9999.0,-9999.0,-9999.0,-9999.0,-9999.0,-9999.0,-9999.0
P21_HV1_1_interaction,active_and_state_lat_and_long_zero_last_source_row_continuous_segment,P21,HV1,1,on_ramp,P21_HV1_1,P21_HV1.1.asc,HV1,60,initiator_active,2951,1,49183.33,49183.3339,1.0,1.0,22.800496,82.081786,195.0,20.132254,1199.42123,-0.063374,1.975146,0.0,22.798683,-0.109003,0.0,1199.520019,-25.761728,6.111074,1.0,0.0,0.0,0.0,1127.080129,-33.124546,1021.0,5006.0,0.0,175.0,0.020263,34.954013,125.834445,34.954002,-0.027524,7e-06,0.260231,-0.003315,0.002996,0.011775,0.353535,0.0,0.0,0.0,0.0,1.0,-9999.0,-9999.0,-9999.0,-9999.0,-9999.0,-9999.0,-9999.0,-9999.0,-9999.0,-9999.0,-9999.0,-9999.0,-9999.0,-9999.0
P21_HV1_1_interaction,active_and_state_lat_and_long_zero_last_source_row_continuous_segment,P21,HV1,1,on_ramp,P21_HV1_1,P21_HV1.1.asc,HV1,60,initiator_active,2952,1,49200.0,49200.0,1.0,1.0,22.799323,82.077564,195.0,20.51259,1199.796625,-0.056499,1.980808,0.0,22.797512,-0.10902,0.0,1199.894139,-25.828186,6.112519,1.0,0.0,0.0,0.0,1127.662655,-33.129326,1021.0,5006.0,0.0,175.0,0.019429,34.958279,125.849806,34.958268,-0.027625,5.2e-05,0.253597,-0.004126,0.002593,0.011775,0.353535,0.0,0.0,0.0,0.0,1.0,-9999.0,-9999.0,-9999.0,-9999.0,-9999.0,-9999.0,-9999.0,-9999.0,-9999.0,-9999.0,-9999.0,-9999.0,-9999.0,-9999.0
P21_HV1_1_interaction,active_and_state_lat_and_long_zero_last_source_row_continuous_segment,P21,HV1,1,on_ramp,P21_HV1_1,P21_HV1.1.asc,HV1,60,initiator_active,2953,1,49216.67,49216.6668,1.0,1.0,22.798082,82.073097,195.0,20.892941,1200.172087,-0.055065,1.986745,0.0,22.796438,-0.109082,0.0,1200.268336,-25.894099,6.113971,1.0,0.0,0.0,0.0,1128.245252,-33.134107,1021.0,5006.0,0.0,175.0,0.018595,34.962449,125.864816,34.962438,-0.027734,9.2e-05,0.246124,-0.004829,0.002192,0.011775,0.343434,0.0,0.0,0.0,0.0,1.0,-9999.0,-9999.0,-9999.0,-9999.0,-9999.0,-9999.0,-9999.0,-9999.0,-9999.0,-9999.0,-9999.0,-9999.0,-9999.0,-9999.0
P21_HV1_1_interaction,active_and_state_lat_and_long_zero_last_source_row_continuous_segment,P21,HV1,1,on_ramp,P21_HV1_1,P21_HV1.1.asc,HV1,60,initiator_active,2954,1,49233.33,49233.3334,1.0,1.0,22.796968,82.069086,195.0,21.273252,1200.547618,-0.010754,1.990153,0.0,22.795927,-0.109184,0.0,1200.642611,-25.959466,6.115428,1.0,0.0,0.0,0.0,1128.827919,-33.13889,1021.0,5006.0,0.0,175.0,0.017762,34.966426,125.879132,34.966414,-0.027853,0.000124,0.234744,-0.00539,0.001798,0.011775,0.343434,0.0,0.0,0.0,0.0,1.0,-9999.0,-9999.0,-9999.0,-9999.0,-9999.0,-9999.0,-9999.0,-9999.0,-9999.0,-9999.0,-9999.0,-9999.0,-9999.0,-9999.0
P21_HV1_1_interaction,active_and_state_lat_and_long_zero_last_source_row_continuous_segment,P21,HV1,1,on_ramp,P21_HV1_1,P21_HV1.1.asc,HV1,60,initiator_active,2955,1,49250.01,49250.0067,1.0,1.0,22.795905,82.065259,195.0,21.653589,1200.923217,-0.055644,1.995416,0.0,22.795282,-0.109343,0.0,1201.016976,-26.024286,6.116892,1.0,0.0,0.0,0.0,1129.410652,-33.143675,1021.0,5006.0,0.0,175.0,0.016928,34.970289,125.893039,34.970278,-0.027981,0.00015,0.230389,-0.005799,0.001422,0.011775,0.343434,0.0,0.0,0.0,0.0,1.0,-9999.0,-9999.0,-9999.0,-9999.0,-9999.0,-9999.0,-9999.0,-9999.0,-9999.0,-9999.0,-9999.0,-9999.0,-9999.0,-9999.0
P21_HV1_1_interaction,active_and_state_lat_and_long_zero_last_source_row_continuous_segment,P21,HV1,1,on_ramp,P21_HV1_1,P21_HV1.1.asc,HV1,60,initiator_active,2956,1,49266.68,49266.6754,1.0,1.0,22.795764,82.06475,195.0,22.03395,1201.298897,-0.058419,2.002349,0.0,22.794202,-0.109554,0.0,1201.391421,-26.088557,6.118363,1.0,0.0,0.0,0.0,1129.99345,-33.148462,1021.0,5006.0,0.0,175.0,0.016094,34.974112,125.906804,34.974101,-0.028118,0.000171,0.229012,-0.006054,0.001073,0.011775,0.343434,0.0,0.0,0.0,0.0,1.0,-9999.0,-9999.0,-9999.0,-9999.0,-9999.0,-9999.0,-9999.0,-9999.0,-9999.0,-9999.0,-9999.0,-9999.0,-9999.0,-9999.0
P21_HV1_1_interaction,active_and_state_lat_and_long_zero_last_source_row_continuous_segment,P21,HV1,1,on_ramp,P21_HV1_1,P21_HV1.1.asc,HV1,60,initiator_active,2957,1,49283.33,49283.3343,1.0,1.0,22.794744,82.06108,195.0,22.414283,1201.674648,-0.088698,2.01112,0.0,22.79309,-0.109789,0.0,1201.765942,-26.152276,6.119839,1.0,0.0,0.0,0.0,1130.576312,-33.153251,1021.0,5006.0,0.0,175.0,0.01526,34.977926,125.920532,34.977914,-0.028263,0.000185,0.228691,-0.006168,0.000764,0.011775,0.343434,0.0,0.0,0.0,0.0,1.0,-9999.0,-9999.0,-9999.0,-9999.0,-9999.0,-9999.0,-9999.0,-9999.0,-9999.0,-9999.0,-9999.0,-9999.0,-9999.0,-9999.0
P21_HV1_1_interaction,active_and_state_lat_and_long_zero_last_source_row_continuous_segment,P21,HV1,1,on_ramp,P21_HV1_1,P21_HV1.1.asc,HV1,60,initiator_active,2958,1,49300.0,49300.0006,1.0,1.0,22.79364,82.057105,195.0,22.794645,1202.050465,-0.051328,2.017112,0.0,22.791627,-0.110052,0.0,1202.140536,-26.21544,6.121322,1.0,0.0,0.0,0.0,1131.159237,-33.158043,1021.0,5006.0,0.0,175.0,0.014425,34.981733,125.934238,34.981721,-0.028416,0.000195,0.228209,-0.006163,0.0005,0.011775,0.343434,0.0,0.0,0.0,0.0,1.0,-9999.0,-9999.0,-9999.0,-9999.0,-9999.0,-9999.0,-9999.0,-9999.0,-9999.0,-9999.0,-9999.0,-9999.0,-9999.0,-9999.0
P21_HV1_1_interaction,active_and_state_lat_and_long_zero_last_source_row_continuous_segment,P21,HV1,1,on_ramp,P21_HV1_1,P21_HV1.1.asc,HV1,60,initiator_active,2959,1,49316.67,49316.6731,1.0,1.0,22.792276,82.052192,195.0,23.175009,1202.426346,-0.047775,2.024462,0.0,22.790611,-0.110323,0.0,1202.515201,-26.278049,6.12281,1.0,0.0,0.0,0.0,1131.742226,-33.162837,1021.0,5006.0,0.0,175.0,0.013591,34.985528,125.947902,34.985517,-0.028574,0.000201,0.227444,-0.006065,0.000269,0.011775,0.343434,0.0,0.0,0.0,0.0,1.0,-9999.0,-9999.0,-9999.0,-9999.0,-9999.0,-9999.0,-9999.0,-9999.0,-9999.0,-9999.0,-9999.0,-9999.0,-9999.0,-9999.0
P21_HV1_1_interaction,active_and_state_lat_and_long_zero_last_source_row_continuous_segment,P21,HV1,1,on_ramp,P21_HV1_1,P21_HV1.1.asc,HV1,60,initiator_active,2960,1,49333.34,49333.3351,1.0,1.0,22.791124,82.048045,195.0,23.555344,1202.802289,-0.043833,2.031009,0.0,22.789665,-0.110642,0.0,1202.889942,-26.3401,6.124305,1.0,0.0,0.0,0.0,1132.325279,-33.167632,1021.0,5006.0,0.0,175.0,0.012756,34.989316,125.961538,34.989304,-0.028738,0.000204,0.227227,-0.005894,7e-05,0.011775,0.343434,0.0,0.0,0.0,0.0,1.0,-9999.0,-9999.0,-9999.0,-9999.0,-9999.0,-9999.0,-9999.0,-9999.0,-9999.0,-9999.0,-9999.0,-9999.0,-9999.0,-9999.0
P21_HV1_1_interaction,active_and_state_lat_and_long_zero_last_source_row_continuous_segment,P21,HV1,1,on_ramp,P21_HV1_1,P21_HV1.1.asc,HV1,60,initiator_active,2961,1,49350.0,49350.0005,1.0,1.0,22.790137,82.044493,195.0,23.935712,1203.178297,-0.024167,2.039833,0.0,22.788875,-0.110964,0.0,1203.26476,-26.401592,6.125806,1.0,0.0,0.0,0.0,1132.908394,-33.172431,1021.0,5006.0,0.0,175.0,0.011921,34.993104,125.975175,34.993092,-0.028905,0.000203,0.227339,-0.00567,-0.000107,0.011775,0.343434,0.0,0.0,0.0,0.0,1.0,-9999.0,-9999.0,-9999.0,-9999.0,-9999.0,-9999.0,-9999.0,-9999.0,-9999.0,-9999.0,-9999.0,-9999.0,-9999.0,-9999.0
P21_HV1_1_interaction,active_and_state_lat_and_long_zero_last_source_row_continuous_segment,P21,HV1,1,on_ramp,P21_HV1_1,P21_HV1.1.asc,HV1,60,initiator_active,2962,1,49366.67,49366.6668,1.0,1.0,22.789223,82.041203,195.0,24.316079,1203.554372,-0.017591,2.04809,0.0,22.788333,-0.111284,0.0,1203.639658,-26.462522,6.127314,1.0,0.0,0.0,0.0,1133.491572,-33.177231,1021.0,5006.0,0.0,175.0,0.011086,34.996895,125.988821,34.996883,-0.029075,0.0002,0.227496,-0.005408,-0.000256,0.011775,0.343434,0.0,0.0,0.0,0.0,1.0,-9999.0,-9999.0,-9999.0,-9999.0,-9999.0,-9999.0,-9999.0,-9999.0,-9999.0,-9999.0,-9999.0,-9999.0,-9999.0,-9999.0
P21_HV1_1_interaction,active_and_state_lat_and_long_zero_last_source_row_continuous_segment,P21,HV1,1,on_ramp,P21_HV1_1,P21_HV1.1.asc,HV1,60,initiator_active,2963,1,49383.33,49383.3342,1.0,1.0,22.788597,82.038948,195.0,24.696436,1203.930517,-0.007209,2.058013,0.0,22.787906,-0.11163,0.0,1204.014637,-26.52289,6.128828,1.0,0.0,0.0,0.0,1134.074814,-33.182033,1021.0,5006.0,0.0,175.0,0.010252,35.000605,126.002179,35.000593,-0.029248,0.000194,0.218194,-0.005113,-0.000379,0.011775,0.321608,0.0,0.0,0.0,0.0,1.0,-9999.0,-9999.0,-9999.0,-9999.0,-9999.0,-9999.0,-9999.0,-9999.0,-9999.0,-9999.0,-9999.0,-9999.0,-9999.0,-9999.0
P21_HV1_1_interaction,active_and_state_lat_and_long_zero_last_source_row_continuous_segment,P21,HV1,1,on_ramp,P21_HV1_1,P21_HV1.1.asc,HV1,60,initiator_active,2964,1,49400.0,49400.0008,1.0,1.0,22.788109,82.037191,195.0,25.076836,1204.306734,-0.000252,2.064914,0.0,22.787667,-0.111953,0.0,1204.389701,-26.582693,6.130349,1.0,0.0,0.0,0.0,1134.658117,-33.186838,1021.0,5006.0,0.0,175.0,0.009418,35.004176,126.015033,35.004164,-0.029422,0.000187,0.212376,-0.004791,-0.000487,0.011775,0.321608,0.0,0.0,0.0,0.0,1.0,-9999.0,-9999.0,-9999.0,-9999.0,-9999.0,-9999.0,-9999.0,-9999.0,-9999.0,-9999.0,-9999.0,-9999.0,-9999.0,-9999.0
P21_HV1_1_interaction,active_and_state_lat_and_long_zero_last_source_row_continuous_segment,P21,HV1,1,on_ramp,P21_HV1_1,P21_HV1.1.asc,HV1,60,initiator_active,2965,1,49416.67,49416.6674,1.0,1.0,22.787768,82.035963,195.0,25.457233,1204.683025,0.013306,2.072228,0.0,22.78751,-0.112313,0.0,1204.764851,-26.641928,6.131876,1.0,0.0,0.0,0.0,1135.24148,-33.191644,1021.0,5006.0,0.0,175.0,0.008585,35.007693,126.027695,35.007681,-0.029596,0.000178,0.210408,-0.004438,-0.000597,0.011775,0.321608,0.0,0.0,0.0,0.0,1.0,-9999.0,-9999.0,-9999.0,-9999.0,-9999.0,-9999.0,-9999.0,-9999.0,-9999.0,-9999.0,-9999.0,-9999.0,-9999.0,-9999.0
P21_HV1_1_interaction,active_and_state_lat_and_long_zero_last_source_row_continuous_segment,P21,HV1,1,on_ramp,P21_HV1_1,P21_HV1.1.asc,HV1,60,initiator_active,2966,1,49433.33,49433.3342,1.0,1.0,22.787586,82.035309,195.0,25.837639,1205.059393,0.021458,2.083453,0.0,22.787641,-0.112704,0.0,1205.14009,-26.700595,6.13341,1.0,0.0,0.0,0.0,1135.824902,-33.196452,1021.0,5006.0,0.0,175.0,0.007752,35.011192,126.040291,35.011179,-0.02977,0.000167,0.209702,-0.004055,-0.000694,0.011775,0.321608,0.0,0.0,0.0,0.0,1.0,-9999.0,-9999.0,-9999.0,-9999.0,-9999.0,-9999.0,-9999.0,-9999.0,-9999.0,-9999.0,-9999.0,-9999.0,-9999.0,-9999.0
P21_HV1_1_interaction,active_and_state_lat_and_long_zero_last_source_row_continuous_segment,P21,HV1,1,on_ramp,P21_HV1_1,P21_HV1.1.asc,HV1,60,initiator_active,2967,1,49450.0,49450.0001,1.0,1.0,22.787541,82.035148,195.0,26.218096,1205.435837,0.029353,2.092946,0.0,22.787894,-0.113058,0.0,1205.515419,-26.75869,6.134951,1.0,0.0,0.0,0.0,1136.408382,-33.201262,1021.0,5006.0,0.0,175.0,0.00692,35.014684,126.052862,35.014671,-0.029943,0.000155,0.209407,-0.003646,-0.000767,0.011775,0.321608,0.0,0.0,0.0,0.0,1.0,-9999.0,-9999.0,-9999.0,-9999.0,-9999.0,-9999.0,-9999.0,-9999.0,-9999.0,-9999.0,-9999.0,-9999.0,-9999.0,-9999.0
P21_HV1_1_interaction,active_and_state_lat_and_long_zero_last_source_row_continuous_segment,P21,HV1,1,on_ramp,P21_HV1_1,P21_HV1.1.asc,HV1,60,initiator_active,2968,1,49466.67,49466.6675,1.0,1.0,22.787739,82.035862,195.0,26.59855,1205.812363,0.03043,2.100526,0.0,22.788199,-0.113421,0.0,1205.890842,-26.816212,6.1365,1.0,0.0,0.0,0.0,1136.99192,-33.206073,1021.0,5006.0,0.0,175.0,0.00609,35.018172,126.06542,35.018159,-0.030114,0.000141,0.209261,-0.003223,-0.000808,0.011775,0.321608,0.0,0.0,0.0,0.0,1.0,-9999.0,-9999.0,-9999.0,-9999.0,-9999.0,-9999.0,-9999.0,-9999.0,-9999.0,-9999.0,-9999.0,-9999.0,-9999.0,-9999.0
P21_HV1_1_interaction,active_and_state_lat_and_long_zero_last_source_row_continuous_segment,P21,HV1,1,on_ramp,P21_HV1_1,P21_HV1.1.asc,HV1,60,initiator_active,2969,1,49483.33,49483.3335,1.0,1.0,22.788057,82.037007,195.0,26.97903,1206.188971,0.032072,2.11049,0.0,22.788562,-0.113823,0.0,1206.266358,-26.873157,6.138055,1.0,0.0,0.0,0.0,1137.575517,-33.210886,1021.0,5006.0,0.0,175.0,0.005261,35.021659,126.077972,35.021646,-0.030281,0.000128,0.209154,-0.002792,-0.000822,0.011775,0.321608,0.0,0.0,0.0,0.0,1.0,-9999.0,-9999.0,-9999.0,-9999.0,-9999.0,-9999.0,-9999.0,-9999.0,-9999.0,-9999.0,-9999.0,-9999.0,-9999.0,-9999.0
P21_HV1_1_interaction,active_and_state_lat_and_long_zero_last_source_row_continuous_segment,P21,HV1,1,on_ramp,P21_HV1_1,P21_HV1.1.asc,HV1,60,initiator_active,2970,1,49500.0,49500.0008,1.0,1.0,22.788371,82.038135,195.0,27.359569,1206.565661,0.035153,2.11744,0.0,22.788922,-0.114242,0.0,1206.641968,-26.929523,6.139619,1.0,0.0,0.0,0.0,1138.159172,-33.2157,1021.0,5006.0,0.0,175.0,0.004433,35.025144,126.090517,35.02513,-0.030445,0.000114,0.209044,-0.002362,-0.000812,0.011775,0.321608,0.0,0.0,0.0,0.0,1.0,-9999.0,-9999.0,-9999.0,-9999.0,-9999.0,-9999.0,-9999.0,-9999.0,-9999.0,-9999.0,-9999.0,-9999.0,-9999.0,-9999.0
P21_HV1_1_interaction,active_and_state_lat_and_long_zero_last_source_row_continuous_segment,P21,HV1,1,on_ramp,P21_HV1_1,P21_HV1.1.asc,HV1,60,initiator_active,2971,1,49516.67,49516.6674,1.0,1.0,22.788748,82.039492,195.0,27.740096,1206.942434,0.037293,2.123985,0.0,22.789364,-0.114706,0.0,1207.017671,-26.985308,6.141189,1.0,0.0,0.0,0.0,1138.742884,-33.220516,1021.0,5006.0,0.0,175.0,0.003607,35.028626,126.103055,35.028613,-0.030605,0.000101,0.20893,-0.001939,-0.000784,0.011775,0.321608,0.0,0.0,0.0,0.0,1.0,-9999.0,-9999.0,-9999.0,-9999.0,-9999.0,-9999.0,-9999.0,-9999.0,-9999.0,-9999.0,-9999.0,-9999.0,-9999.0,-9999.0
P21_HV1_1_interaction,active_and_state_lat_and_long_zero_last_source_row_continuous_segment,P21,HV1,1,on_ramp,P21_HV1_1,P21_HV1.1.asc,HV1,60,initiator_active,2972,1,49533.34,49533.3408,1.0,1.0,22.789132,82.040875,195.0,28.120662,1207.319289,0.051173,2.1294,0.0,22.789809,-0.115241,0.0,1207.393467,-27.04051,6.142766,1.0,0.0,0.0,0.0,1139.326655,-33.225332,1021.0,5006.0,0.0,175.0,0.002783,35.032109,126.115591,35.032095,-0.03076,8.8e-05,0.20899,-0.001526,-0.00074,0.011775,0.321608,0.0,0.0,0.0,0.0,1.0,-9999.0,-9999.0,-9999.0,-9999.0,-9999.0,-9999.0,-9999.0,-9999.0,-9999.0,-9999.0,-9999.0,-9999.0,-9999.0,-9999.0
P21_HV1_1_interaction,active_and_state_lat_and_long_zero_last_source_row_continuous_segment,P21,HV1,1,on_ramp,P21_HV1_1,P21_HV1.1.asc,HV1,60,initiator_active,2973,1,49550.0,49550.0003,1.0,1.0,22.789592,82.042529,195.0,28.50129,1207.696226,0.081692,2.134714,0.0,22.790677,-0.115827,0.0,1207.769358,-27.095128,6.14435,1.0,0.0,0.0,0.0,1139.910483,-33.230149,1021.0,5006.0,0.0,175.0,0.001961,35.035411,126.12748,35.035398,-0.030909,7.6e-05,0.188293,-0.001114,-0.000709,0.011775,0.321608,0.0,0.0,0.0,0.0,1.0,-9999.0,-9999.0,-9999.0,-9999.0,-9999.0,-9999.0,-9999.0,-9999.0,-9999.0,-9999.0,-9999.0,-9999.0,-9999.0,-9999.0
P21_HV1_1_interaction,active_and_state_lat_and_long_zero_last_source_row_continuous_segment,P21,HV1,1,on_ramp,P21_HV1_1,P21_HV1.1.asc,HV1,60,initiator_active,2974,1,49566.67,49566.6691,1.0,1.0,22.790151,82.044544,195.0,28.881896,1208.073246,0.102964,2.138923,0.0,22.791962,-0.116466,0.0,1208.14535,-27.14916,6.14594,1.0,0.0,0.0,0.0,1140.494367,-33.234967,1021.0,5006.0,0.0,175.0,0.001141,35.038402,126.138246,35.038388,-0.031054,6.4e-05,0.175215,-0.000698,-0.000737,0.011775,0.321608,0.0,0.0,0.0,0.0,1.0,-9999.0,-9999.0,-9999.0,-9999.0,-9999.0,-9999.0,-9999.0,-9999.0,-9999.0,-9999.0,-9999.0,-9999.0,-9999.0,-9999.0
P21_HV1_1_interaction,active_and_state_lat_and_long_zero_last_source_row_continuous_segment,P21,HV1,1,on_ramp,P21_HV1_1,P21_HV1.1.asc,HV1,60,initiator_active,2975,1,49583.33,49583.3343,1.0,1.0,22.791272,82.04858,195.0,29.262562,1208.450356,0.130725,2.1404,0.0,22.793619,-0.117162,0.0,1208.521448,-27.202608,6.147535,1.0,0.0,0.0,0.0,1141.078301,-33.239786,1021.0,5006.0,0.0,175.0,0.000324,35.041271,126.148576,35.041257,-0.031192,5.1e-05,0.170747,-0.000258,-0.000838,0.011775,0.321608,0.0,0.0,0.0,0.0,1.0,-9999.0,-9999.0,-9999.0,-9999.0,-9999.0,-9999.0,-9999.0,-9999.0,-9999.0,-9999.0,-9999.0,-9999.0,-9999.0,-9999.0
P21_HV1_1_interaction,active_and_state_lat_and_long_zero_last_source_row_continuous_segment,P21,HV1,1,on_ramp,P21_HV1_1,P21_HV1.1.asc,HV1,60,initiator_active,2976,1,49600.0,49600.0007,1.0,1.0,22.792735,82.053844,195.0,29.643302,1208.827561,0.159709,2.143401,0.0,22.795792,-0.117936,0.0,1208.897659,-27.25547,6.149134,1.0,0.0,0.0,0.0,1141.662282,-33.244605,1021.0,5006.0,0.0,175.0,-0.00049,35.044099,126.158758,35.044085,-0.031323,3.6e-05,0.169215,0.000213,-0.000986,0.011775,0.321608,0.0,0.0,0.0,0.0,1.0,-9999.0,-9999.0,-9999.0,-9999.0,-9999.0,-9999.0,-9999.0,-9999.0,-9999.0,-9999.0,-9999.0,-9999.0,-9999.0,-9999.0
P21_HV1_1_interaction,active_and_state_lat_and_long_zero_last_source_row_continuous_segment,P21,HV1,1,on_ramp,P21_HV1_1,P21_HV1.1.asc,HV1,60,initiator_active,2977,1,49616.67,49616.6674,1.0,1.0,22.794622,82.06064,195.0,30.024034,1209.204867,0.142473,2.145313,0.0,22.798164,-0.118763,0.0,1209.273991,-27.307747,6.150737,1.0,0.0,0.0,0.0,1142.246312,-33.249425,1021.0,5006.0,0.0,175.0,-0.001302,35.046913,126.168888,35.046899,-0.031446,1.8e-05,0.168653,0.000706,-0.001115,0.011775,0.321608,0.0,0.0,0.0,0.0,1.0,-9999.0,-9999.0,-9999.0,-9999.0,-9999.0,-9999.0,-9999.0,-9999.0,-9999.0,-9999.0,-9999.0,-9999.0,-9999.0,-9999.0
P21_HV1_1_interaction,active_and_state_lat_and_long_zero_last_source_row_continuous_segment,P21,HV1,1,on_ramp,P21_HV1_1,P21_HV1.1.asc,HV1,60,initiator_active,2978,1,49633.33,49633.3343,1.0,1.0,22.797036,82.069328,195.0,30.404855,1209.582282,0.15228,2.147726,0.0,22.800442,-0.119586,0.0,1209.650442,-27.35944,6.152341,1.0,0.0,0.0,0.0,1142.830388,-33.254245,1021.0,5006.0,0.0,175.0,-0.00211,35.049722,126.178998,35.049707,-0.031559,-2e-06,0.168411,0.001207,-0.001183,0.011775,0.321608,0.0,0.0,0.0,0.0,1.0,-9999.0,-9999.0,-9999.0,-9999.0,-9999.0,-9999.0,-9999.0,-9999.0,-9999.0,-9999.0,-9999.0,-9999.0,-9999.0,-9999.0
P21_HV1_1_interaction,active_and_state_lat_and_long_zero_last_source_row_continuous_segment,P21,HV1,1,on_ramp,P21_HV1_1,P21_HV1.1.asc,HV1,60,initiator_active,2979,1,49650.0,49650.0008,1.0,1.0,22.799263,82.077348,195.0,30.785753,1209.959805,0.14598,2.152547,0.0,22.80277,-0.120387,0.0,1210.027012,-27.410547,6.153946,1.0,0.0,0.0,0.0,1143.414511,-33.259065,1021.0,5006.0,0.0,175.0,-0.002915,35.052527,126.189097,35.052513,-0.031663,-2.1e-05,0.168275,0.001701,-0.001174,0.011775,0.321608,0.0,0.0,0.0,0.0,1.0,-9999.0,-9999.0,-9999.0,-9999.0,-9999.0,-9999.0,-9999.0,-9999.0,-9999.0,-9999.0,-9999.0,-9999.0,-9999.0,-9999.0
P21_HV1_1_interaction,active_and_state_lat_and_long_zero_last_source_row_continuous_segment,P21,HV1,1,on_ramp,P21_HV1_1,P21_HV1.1.asc,HV1,60,initiator_active,2980,1,49666.71,49666.7136,1.0,1.0,22.801622,82.08584,195.0,31.166663,1210.337436,0.246184,2.149213,0.0,22.805042,-0.121121,0.0,1210.4037,-27.461068,6.155552,1.0,0.0,0.0,0.0,1143.998681,-33.263884,1021.0,5006.0,0.0,175.0,-0.003716,35.05533,126.199189,35.055316,-0.031756,-4e-05,0.168174,0.002174,-0.001091,0.011775,0.321608,0.0,0.0,0.0,0.0,1.0,-9999.0,-9999.0,-9999.0,-9999.0,-9999.0,-9999.0,-9999.0,-9999.0,-9999.0,-9999.0,-9999.0,-9999.0,-9999.0,-9999.0
P21_HV1_1_interaction,active_and_state_lat_and_long_zero_last_source_row_continuous_segment,P21,HV1,1,on_ramp,P21_HV1_1,P21_HV1.1.asc,HV1,60,initiator_active,2981,1,49683.33,49683.3334,1.0,1.0,22.803897,82.094028,195.0,31.547661,1210.715172,0.165,2.155231,0.0,22.808734,-0.121887,0.0,1210.780512,-27.511002,6.157156,1.0,0.0,0.0,0.0,1144.582897,-33.268704,1021.0,5006.0,0.0,175.0,-0.004514,35.058132,126.209276,35.058118,-0.031839,-5.7e-05,0.16808,0.002615,-0.000951,0.011775,0.321608,0.0,0.0,0.0,0.0,1.0,-9999.0,-9999.0,-9999.0,-9999.0,-9999.0,-9999.0,-9999.0,-9999.0,-9999.0,-9999.0,-9999.0,-9999.0,-9999.0,-9999.0
P21_HV1_1_interaction,active_and_state_lat_and_long_zero_last_source_row_continuous_segment,P21,HV1,1,on_ramp,P21_HV1_1,P21_HV1.1.asc,HV1,60,initiator_active,2982,1,49700.0,49700.0012,1.0,1.0,22.807004,82.105213,195.0,31.928728,1211.09302,0.160357,2.158864,0.0,22.811213,-0.122525,0.0,1211.157457,-27.560351,6.15876,1.0,0.0,0.0,0.0,1145.16716,-33.273523,1021.0,5006.0,0.0,175.0,-0.005308,35.060935,126.219366,35.06092,-0.03191,-7.1e-05,0.168349,0.003016,-0.000774,0.011775,0.321608,0.0,0.0,0.0,0.0,1.0,-9999.0,-9999.0,-9999.0,-9999.0,-9999.0,-9999.0,-9999.0,-9999.0,-9999.0,-9999.0,-9999.0,-9999.0,-9999.0,-9999.0
P21_HV1_1_interaction,active_and_state_lat_and_long_zero_last_source_row_continuous_segment,P21,HV1,1,on_ramp,P21_HV1_1,P21_HV1.1.asc,HV1,60,initiator_active,2983,1,49716.67,49716.6669,1.0,1.0,22.810018,82.116064,195.0,32.309836,1211.470989,0.168714,2.158019,0.0,22.81378,-0.123091,0.0,1211.53452,-27.609111,6.160362,1.0,0.0,0.0,0.0,1145.75147,-33.278342,1021.0,5006.0,0.0,175.0,-0.006097,35.063747,126.229489,35.063732,-0.031971,-8.2e-05,0.168972,0.003373,-0.000581,0.011775,0.321608,0.0,0.0,0.0,0.0,1.0,-9999.0,-9999.0,-9999.0,-9999.0,-9999.0,-9999.0,-9999.0,-9999.0,-9999.0,-9999.0,-9999.0,-9999.0,-9999.0,-9999.0
P21_HV1_1_interaction,active_and_state_lat_and_long_zero_last_source_row_continuous_segment,P21,HV1,1,on_ramp,P21_HV1_1,P21_HV1.1.asc,HV1,60,initiator_active,2984,1,49733.33,49733.3341,1.0,1.0,22.812458,82.124848,195.0,32.691029,1211.849065,0.141965,2.161859,0.0,22.81591,-0.123586,0.0,1211.911702,-27.657282,6.161962,1.0,0.0,0.0,0.0,1146.335827,-33.28316,1021.0,5006.0,0.0,175.0,-0.006882,35.066567,126.239642,35.066552,-0.03202,-9e-05,0.169345,0.003684,-0.000386,0.011775,0.321608,0.0,0.0,0.0,0.0,1.0,-9999.0,-9999.0,-9999.0,-9999.0,-9999.0,-9999.0,-9999.0,-9999.0,-9999.0,-9999.0,-9999.0,-9999.0,-9999.0,-9999.0
P21_HV1_1_interaction,active_and_state_lat_and_long_zero_last_source_row_continuous_segment,P21,HV1,1,on_ramp,P21_HV1_1,P21_HV1.1.asc,HV1,60,initiator_active,2985,1,49750.0,49750.0007,1.0,1.0,22.815094,82.13434,195.0,33.072279,1212.227247,0.193626,2.162266,0.0,22.81846,-0.124019,0.0,1212.288994,-27.704863,6.163559,1.0,0.0,0.0,0.0,1146.920231,-33.287977,1021.0,5006.0,0.0,175.0,-0.007662,35.069391,126.249808,35.069376,-0.032059,-9.4e-05,0.169486,0.003948,-0.000203,0.011775,0.321608,0.0,0.0,0.0,0.0,1.0,-9999.0,-9999.0,-9999.0,-9999.0,-9999.0,-9999.0,-9999.0,-9999.0,-9999.0,-9999.0,-9999.0,-9999.0,-9999.0,-9999.0
P21_HV1_1_interaction,active_and_state_lat_and_long_zero_last_source_row_continuous_segment,P21,HV1,1,on_ramp,P21_HV1_1,P21_HV1.1.asc,HV1,60,initiator_active,2986,1,49766.67,49766.6668,1.0,1.0,22.817001,82.141203,195.0,33.453556,1212.605527,0.200997,2.165256,0.0,22.821528,-0.124367,0.0,1212.666406,-27.751853,6.165154,1.0,0.0,0.0,0.0,1147.504682,-33.292793,1021.0,5006.0,0.0,175.0,-0.008438,35.072216,126.259977,35.072201,-0.032088,-9.6e-05,0.169502,0.004167,-4e-05,0.011775,0.321608,0.0,0.0,0.0,0.0,1.0,-9999.0,-9999.0,-9999.0,-9999.0,-9999.0,-9999.0,-9999.0,-9999.0,-9999.0,-9999.0,-9999.0,-9999.0,-9999.0,-9999.0
P21_HV1_1_interaction,active_and_state_lat_and_long_zero_last_source_row_continuous_segment,P21,HV1,1,on_ramp,P21_HV1_1,P21_HV1.1.asc,HV1,60,initiator_active,2987,1,49783.34,49783.3422,1.0,1.0,22.819982,82.151934,195.0,33.834918,1212.983914,0.204544,2.166836,0.0,22.824702,-0.124627,0.0,1213.043942,-27.798254,6.166747,1.0,0.0,0.0,0.0,1148.08918,-33.297609,1021.0,5006.0,0.0,175.0,-0.009209,35.07504,126.270146,35.075026,-0.032107,-9.5e-05,0.16946,0.004344,9.6e-05,0.011775,0.321608,0.0,0.0,0.0,0.0,1.0,-9999.0,-9999.0,-9999.0,-9999.0,-9999.0,-9999.0,-9999.0,-9999.0,-9999.0,-9999.0,-9999.0,-9999.0,-9999.0,-9999.0
P21_HV1_1_interaction,active_and_state_lat_and_long_zero_last_source_row_continuous_segment,P21,HV1,1,on_ramp,P21_HV1_1,P21_HV1.1.asc,HV1,60,initiator_active,2988,1,49800.0,49800.0007,1.0,1.0,22.823111,82.1632,195.0,34.216334,1213.362415,0.200611,2.167709,0.0,22.827937,-0.124825,0.0,1213.421605,-27.844065,6.168338,1.0,0.0,0.0,0.0,1148.673725,-33.302424,1021.0,5006.0,0.0,175.0,-0.009975,35.077864,126.28031,35.077849,-0.032117,-9.3e-05,0.169394,0.004483,0.000203,0.011775,0.321608,0.0,0.0,0.0,0.0,1.0,-9999.0,-9999.0,-9999.0,-9999.0,-9999.0,-9999.0,-9999.0,-9999.0,-9999.0,-9999.0,-9999.0,-9999.0,-9999.0,-9999.0
P21_HV1_1_interaction,active_and_state_lat_and_long_zero_last_source_row_continuous_segment,P21,HV1,1,on_ramp,P21_HV1_1,P21_HV1.1.asc,HV1,60,initiator_active,2989,1,49816.67,49816.6712,1.0,1.0,22.826315,82.174733,195.0,34.597804,1213.741028,0.202055,2.170249,0.0,22.831096,-0.124947,0.0,1213.799393,-27.889284,6.169927,1.0,0.0,0.0,0.0,1149.258317,-33.307237,1021.0,5006.0,0.0,175.0,-0.010736,35.080686,126.290471,35.080672,-0.032119,-8.9e-05,0.169319,0.004586,0.000281,0.011775,0.321608,0.0,0.0,0.0,0.0,1.0,-9999.0,-9999.0,-9999.0,-9999.0,-9999.0,-9999.0,-9999.0,-9999.0,-9999.0,-9999.0,-9999.0,-9999.0,-9999.0,-9999.0
P21_HV1_1_interaction,active_and_state_lat_and_long_zero_last_source_row_continuous_segment,P21,HV1,1,on_ramp,P21_HV1_1,P21_HV1.1.asc,HV1,60,initiator_active,2990,1,49833.33,49833.3342,1.0,1.0,22.829516,82.186259,195.0,34.97936,1214.119754,0.197108,2.17112,0.0,22.834277,-0.125033,0.0,1214.177304,-27.933911,6.171515,1.0,0.0,0.0,0.0,1149.842956,-33.31205,1021.0,5006.0,0.0,175.0,-0.011491,35.083507,126.300627,35.083493,-0.032112,-8.3e-05,0.16924,0.004657,0.000335,0.011775,0.321608,0.0,0.0,0.0,0.0,1.0,-9999.0,-9999.0,-9999.0,-9999.0,-9999.0,-9999.0,-9999.0,-9999.0,-9999.0,-9999.0,-9999.0,-9999.0,-9999.0,-9999.0
P21_HV1_1_interaction,active_and_state_lat_and_long_zero_last_source_row_continuous_segment,P21,HV1,1,on_ramp,P21_HV1_1,P21_HV1.1.asc,HV1,60,initiator_active,2991,1,49850.01,49850.0092,1.0,1.0,22.832688,82.197677,195.0,35.360961,1214.498592,0.197117,2.169957,0.0,22.837351,-0.125082,0.0,1214.555338,-27.977946,6.173101,1.0,0.0,0.0,0.0,1150.427642,-33.316862,1021.0,5006.0,0.0,175.0,-0.012241,35.086327,126.310777,35.086312,-0.032097,-7.7e-05,0.169156,0.0047,0.000367,0.011775,0.321608,0.0,0.0,0.0,0.0,1.0,-9999.0,-9999.0,-9999.0,-9999.0,-9999.0,-9999.0,-9999.0,-9999.0,-9999.0,-9999.0,-9999.0,-9999.0,-9999.0,-9999.0
P21_HV1_1_interaction,active_and_state_lat_and_long_zero_last_source_row_continuous_segment,P21,HV1,1,on_ramp,P21_HV1_1,P21_HV1.1.asc,HV1,60,initiator_active,2992,1,49866.67,49866.6676,1.0,1.0,22.835828,82.20898,195.0,35.742621,1214.877539,0.205508,2.169381,0.0,22.840541,-0.12513,0.0,1214.933492,-28.021387,6.174686,1.0,0.0,0.0,0.0,1151.012375,-33.321672,1021.0,5006.0,0.0,175.0,-0.012986,35.089145,126.320923,35.089131,-0.032076,-7.1e-05,0.169053,0.004717,0.000383,0.011775,0.321608,0.0,0.0,0.0,0.0,1.0,-9999.0,-9999.0,-9999.0,-9999.0,-9999.0,-9999.0,-9999.0,-9999.0,-9999.0,-9999.0,-9999.0,-9999.0,-9999.0,-9999.0
P21_HV1_1_interaction,active_and_state_lat_and_long_zero_last_source_row_continuous_segment,P21,HV1,1,on_ramp,P21_HV1_1,P21_HV1.1.asc,HV1,60,initiator_active,2993,1,49883.34,49883.3383,1.0,1.0,22.838902,82.220046,195.0,36.124356,1215.256594,0.208648,2.171511,0.0,22.843807,-0.125139,0.0,1215.311768,-28.064236,6.176271,1.0,0.0,0.0,0.0,1151.597155,-33.326482,1021.0,5006.0,0.0,175.0,-0.013725,35.091962,126.331062,35.091947,-0.032048,-6.5e-05,0.168948,0.004711,0.000385,0.011775,0.321608,0.0,0.0,0.0,0.0,1.0,-9999.0,-9999.0,-9999.0,-9999.0,-9999.0,-9999.0,-9999.0,-9999.0,-9999.0,-9999.0,-9999.0,-9999.0,-9999.0,-9999.0
P21_HV1_1_interaction,active_and_state_lat_and_long_zero_last_source_row_continuous_segment,P21,HV1,1,on_ramp,P21_HV1_1,P21_HV1.1.asc,HV1,60,initiator_active,2994,1,49900.0,49900.0007,1.0,1.0,22.842162,82.231783,195.0,36.50613,1215.635757,0.209628,2.170508,0.0,22.847081,-0.125135,0.0,1215.690165,-28.106491,6.177855,1.0,0.0,0.0,0.0,1152.181982,-33.331291,1021.0,5006.0,0.0,175.0,-0.014459,35.094776,126.341194,35.094762,-0.032014,-5.8e-05,0.16885,0.004685,0.000377,0.011775,0.321608,0.0,0.0,0.0,0.0,1.0,-9999.0,-9999.0,-9999.0,-9999.0,-9999.0,-9999.0,-9999.0,-9999.0,-9999.0,-9999.0,-9999.0,-9999.0,-9999.0,-9999.0
P21_HV1_1_interaction,active_and_state_lat_and_long_zero_last_source_row_continuous_segment,P21,HV1,1,on_ramp,P21_HV1_1,P21_HV1.1.asc,HV1,60,initiator_active,2995,1,49916.68,49916.6769,1.0,1.0,22.845454,82.243634,195.0,36.887966,1216.01503,0.227483,2.169808,0.0,22.850547,-0.125143,0.0,1216.068683,-28.148153,6.179438,1.0,0.0,0.0,0.0,1152.766856,-33.336098,1021.0,5006.0,0.0,175.0,-0.015187,35.097589,126.351321,35.097575,-0.031974,-5.2e-05,0.16876,0.004639,0.000361,0.011618,0.306533,0.0,0.0,0.0,0.0,1.0,-9999.0,-9999.0,-9999.0,-9999.0,-9999.0,-9999.0,-9999.0,-9999.0,-9999.0,-9999.0,-9999.0,-9999.0,-9999.0,-9999.0
P21_HV1_1_interaction,active_and_state_lat_and_long_zero_last_source_row_continuous_segment,P21,HV1,1,on_ramp,P21_HV1_1,P21_HV1.1.asc,HV1,60,initiator_active,2996,1,49933.33,49933.3335,1.0,1.0,22.848736,82.25545,195.0,37.269871,1216.39441,0.242728,2.16952,0.0,22.854195,-0.125156,0.0,1216.447326,-28.189222,6.181021,1.0,0.0,0.0,0.0,1153.351777,-33.340905,1021.0,5006.0,0.0,175.0,-0.015909,35.100401,126.361444,35.100386,-0.03193,-4.6e-05,0.168675,0.004578,0.000342,0.010833,0.306533,0.0,0.0,0.0,0.0,1.0,-9999.0,-9999.0,-9999.0,-9999.0,-9999.0,-9999.0,-9999.0,-9999.0,-9999.0,-9999.0,-9999.0,-9999.0,-9999.0,-9999.0
P21_HV1_1_interaction,active_and_state_lat_and_long_zero_last_source_row_continuous_segment,P21,HV1,1,on_ramp,P21_HV1_1,P21_HV1.1.asc,HV1,60,initiator_active,2997,1,49950.0,49950.0005,1.0,1.0,22.852351,82.268462,195.0,37.651816,1216.773902,0.241569,2.167544,0.0,22.858084,-0.125197,0.0,1216.826094,-28.229698,6.182604,1.0,0.0,0.0,0.0,1153.936745,-33.34571,1021.0,5006.0,0.0,175.0,-0.016626,35.103211,126.371561,35.103197,-0.03185,-4.1e-05,0.168597,0.009596,0.000319,0.008321,0.306533,0.0,0.0,0.0,0.0,1.0,-9999.0,-9999.0,-9999.0,-9999.0,-9999.0,-9999.0,-9999.0,-9999.0,-9999.0,-9999.0,-9999.0,-9999.0,-9999.0,-9999.0
P21_HV1_1_interaction,active_and_state_lat_and_long_zero_last_source_row_continuous_segment,P21,HV1,1,on_ramp,P21_HV1_1,P21_HV1.1.asc,HV1,60,initiator_active,2998,1,49966.67,49966.6676,1.0,1.0,22.856126,82.282054,195.0,38.033827,1217.153507,0.243636,2.168633,0.0,22.86193,-0.125233,0.0,1217.204991,-28.269582,6.184186,1.0,0.0,0.0,0.0,1154.52176,-33.350514,1021.0,5006.0,0.0,175.0,-0.017336,35.10602,126.381673,35.106006,-0.031727,-3.6e-05,0.168517,0.011769,0.000294,0.007222,0.306533,0.0,0.0,0.0,0.0,1.0,-9999.0,-9999.0,-9999.0,-9999.0,-9999.0,-9999.0,-9999.0,-9999.0,-9999.0,-9999.0,-9999.0,-9999.0,-9999.0,-9999.0
P21_HV1_1_interaction,active_and_state_lat_and_long_zero_last_source_row_continuous_segment,P21,HV1,1,on_ramp,P21_HV1_1,P21_HV1.1.asc,HV1,60,initiator_active,2999,1,49983.33,49983.3339,1.0,1.0,22.860005,82.296019,195.0,38.415905,1217.533227,0.250131,2.16472,0.0,22.86584,-0.125265,0.0,1217.584013,-28.308874,6.185767,1.0,0.0,0.0,0.0,1155.106821,-33.355316,1021.0,5006.0,0.0,175.0,-0.01804,35.108828,126.39178,35.108813,-0.031625,-3.1e-05,0.168437,0.011075,0.000268,0.008478,0.306533,0.0,0.0,0.0,0.0,1.0,-9999.0,-9999.0,-9999.0,-9999.0,-9999.0,-9999.0,-9999.0,-9999.0,-9999.0,-9999.0,-9999.0,-9999.0,-9999.0,-9999.0
P21_HV1_1_interaction,active_and_state_lat_and_long_zero_last_source_row_continuous_segment,P21,HV1,1,on_ramp,P21_HV1_1,P21_HV1.1.asc,HV1,60,initiator_active,3000,1,50000.0,50000.0007,1.0,1.0,22.863868,82.309925,195.0,38.79803,1217.91306,0.253776,2.163607,0.0,22.869825,-0.125333,0.0,1217.963163,-28.347573,6.187348,1.0,0.0,0.0,0.0,1155.691929,-33.360116,1021.0,5006.0,0.0,175.0,-0.018736,35.111634,126.401882,35.11162,-0.031592,-2.7e-05,0.168355,0.006731,0.00023,0.010519,0.306533,0.0,0.0,0.0,0.0,1.0,-9999.0,-9999.0,-9999.0,-9999.0,-9999.0,-9999.0,-9999.0,-9999.0,-9999.0,-9999.0,-9999.0,-9999.0,-9999.0,-9999.0
P21_HV1_1_interaction,active_and_state_lat_and_long_zero_last_source_row_continuous_segment,P21,HV1,1,on_ramp,P21_HV1_1,P21_HV1.1.asc,HV1,60,initiator_active,3001,1,50016.67,50016.6674,1.0,1.0,22.867833,82.324197,195.0,39.180215,1218.293007,0.260204,2.161688,0.0,22.87389,-0.12542,0.0,1218.34244,-28.38568,6.188929,1.0,0.0,0.0,0.0,1156.277084,-33.364913,1021.0,5006.0,0.0,175.0,-0.019425,35.114439,126.41198,35.114425,-0.031653,-2.4e-05,0.168273,0.000541,0.000193,0.013502,0.306533,0.0,0.0,0.0,0.0,1.0,-9999.0,-9999.0,-9999.0,-9999.0,-9999.0,-9999.0,-9999.0,-9999.0,-9999.0,-9999.0,-9999.0,-9999.0,-9999.0,-9999.0
P21_HV1_1_interaction,active_and_state_lat_and_long_zero_last_source_row_continuous_segment,P21,HV1,1,on_ramp,P21_HV1_1,P21_HV1.1.asc,HV1,60,initiator_active,3002,1,50033.33,50033.3335,1.0,1.0,22.871848,82.338653,195.0,39.562458,1218.673068,0.262477,2.160877,0.0,22.878063,-0.125533,0.0,1218.721844,-28.423196,6.190508,1.0,0.0,0.0,0.0,1156.862286,-33.36971,1021.0,5006.0,0.0,175.0,-0.020109,35.117243,126.422073,35.117228,-0.031793,-2.1e-05,0.168189,-0.006509,0.000157,0.016956,0.306533,0.0,0.0,0.0,0.0,1.0,-9999.0,-9999.0,-9999.0,-9999.0,-9999.0,-9999.0,-9999.0,-9999.0,-9999.0,-9999.0,-9999.0,-9999.0,-9999.0,-9999.0
P21_HV1_1_interaction,active_and_state_lat_and_long_zero_last_source_row_continuous_segment,P21,HV1,1,on_ramp,P21_HV1_1,P21_HV1.1.asc,HV1,60,initiator_active,3003,1,50050.0,50050.0009,1.0,1.0,22.875967,82.353481,195.0,39.944755,1219.053244,0.269653,2.1544,0.0,22.88225,-0.125662,0.0,1219.101376,-28.460122,6.192086,1.0,0.0,0.0,0.0,1157.447535,-33.374507,1021.0,5006.0,0.0,175.0,-0.020787,35.120045,126.432162,35.12003,-0.03199,-1.8e-05,0.1681,-0.01546,0.000129,0.021352,0.306533,0.0,0.0,0.0,0.0,1.0,-9999.0,-9999.0,-9999.0,-9999.0,-9999.0,-9999.0,-9999.0,-9999.0,-9999.0,-9999.0,-9999.0,-9999.0,-9999.0,-9999.0
P21_HV1_1_interaction,active_and_state_lat_and_long_zero_last_source_row_continuous_segment,P21,HV1,1,on_ramp,P21_HV1_1,P21_HV1.1.asc,HV1,60,initiator_active,3004,1,50066.67,50066.6667,1.0,1.0,22.880158,82.36857,195.0,40.327102,1219.433534,0.288788,2.149582,0.0,22.88667,-0.125839,0.0,1219.481035,-28.496458,6.193662,1.0,0.0,0.0,0.0,1158.03283,-33.379306,1021.0,5006.0,0.0,175.0,-0.021462,35.122819,126.44215,35.122805,-0.032179,-1.6e-05,0.162275,-0.01953,0.000115,0.023393,0.306533,0.0,0.0,0.0,0.0,1.0,-9999.0,-9999.0,-9999.0,-9999.0,-9999.0,-9999.0,-9999.0,-9999.0,-9999.0,-9999.0,-9999.0,-9999.0,-9999.0,-9999.0
P21_HV1_1_interaction,active_and_state_lat_and_long_zero_last_source_row_continuous_segment,P21,HV1,1,on_ramp,P21_HV1_1,P21_HV1.1.asc,HV1,60,initiator_active,3005,1,50083.33,50083.334,1.0,1.0,22.884405,82.383858,195.0,40.709501,1219.813938,0.299858,2.144635,0.0,22.891299,-0.126037,0.0,1219.860826,-28.532206,6.195236,1.0,0.0,0.0,0.0,1158.618171,-33.384108,1021.0,5006.0,0.0,175.0,-0.022134,35.125365,126.451312,35.12535,-0.03226,-1.4e-05,0.147767,-0.019462,8.8e-05,0.023393,0.306533,0.0,0.0,0.0,0.0,1.0,-9999.0,-9999.0,-9999.0,-9999.0,-9999.0,-9999.0,-9999.0,-9999.0,-9999.0,-9999.0,-9999.0,-9999.0,-9999.0,-9999.0
P21_HV1_1_interaction,active_and_state_lat_and_long_zero_last_source_row_continuous_segment,P21,HV1,1,on_ramp,P21_HV1_1,P21_HV1.1.asc,HV1,60,initiator_active,3006,1,50100.0,50100.0,1.0,1.0,22.888985,82.400345,195.0,41.091959,1220.194461,0.307272,2.14296,0.0,22.896174,-0.126262,0.0,1220.24075,-28.567367,6.196806,1.0,0.0,0.0,0.0,1159.203555,-33.388913,1021.0,5006.0,0.0,175.0,-0.022805,35.127766,126.459958,35.127751,-0.032194,-1.4e-05,0.142333,-0.01966,1.6e-05,0.022608,0.306533,0.0,0.0,0.0,0.0,1.0,-9999.0,-9999.0,-9999.0,-9999.0,-9999.0,-9999.0,-9999.0,-9999.0,-9999.0,-9999.0,-9999.0,-9999.0,-9999.0,-9999.0
P21_HV1_1_interaction,active_and_state_lat_and_long_zero_last_source_row_continuous_segment,P21,HV1,1,on_ramp,P21_HV1_1,P21_HV1.1.asc,HV1,60,initiator_active,3007,1,50116.67,50116.6675,1.0,1.0,22.893706,82.417343,195.0,41.47446,1220.575103,0.298052,2.140809,0.0,22.901067,-0.12644,0.0,1220.620809,-28.601943,6.198373,1.0,0.0,0.0,0.0,1159.788979,-33.393722,1021.0,5006.0,0.0,175.0,-0.023474,35.130117,126.468423,35.130103,-0.031994,-1.4e-05,0.140471,-0.020183,-9.7e-05,0.022608,0.306533,0.0,0.0,0.0,0.0,1.0,-9999.0,-9999.0,-9999.0,-9999.0,-9999.0,-9999.0,-9999.0,-9999.0,-9999.0,-9999.0,-9999.0,-9999.0,-9999.0,-9999.0
P21_HV1_1_interaction,active_and_state_lat_and_long_zero_last_source_row_continuous_segment,P21,HV1,1,on_ramp,P21_HV1_1,P21_HV1.1.asc,HV1,60,initiator_active,3008,1,50133.36,50133.3649,1.0,1.0,22.898642,82.435112,195.0,41.85702,1220.955868,0.30699,2.136962,0.0,22.905874,-0.126565,0.0,1221.001003,-28.635935,6.199936,1.0,0.0,0.0,0.0,1160.374442,-33.398535,1021.0,5006.0,0.0,175.0,-0.024141,35.132451,126.476825,35.132437,-0.031659,-1.7e-05,0.139808,-0.019789,-0.000222,0.02198,0.306533,0.0,0.0,0.0,0.0,1.0,-9999.0,-9999.0,-9999.0,-9999.0,-9999.0,-9999.0,-9999.0,-9999.0,-9999.0,-9999.0,-9999.0,-9999.0,-9999.0,-9999.0
P21_HV1_1_interaction,active_and_state_lat_and_long_zero_last_source_row_continuous_segment,P21,HV1,1,on_ramp,P21_HV1_1,P21_HV1.1.asc,HV1,60,initiator_active,3009,1,50150.0,50150.0008,1.0,1.0,22.903459,82.452453,195.0,42.239637,1221.336754,0.313439,2.136199,0.0,22.910829,-0.12667,0.0,1221.381329,-28.669341,6.201495,1.0,0.0,0.0,0.0,1160.959944,-33.403352,1021.0,5006.0,0.0,175.0,-0.024807,35.134779,126.485204,35.134765,-0.031218,-2.2e-05,0.139542,-0.02087,-0.000329,0.022765,0.306533,0.0,0.0,0.0,0.0,1.0,-9999.0,-9999.0,-9999.0,-9999.0,-9999.0,-9999.0,-9999.0,-9999.0,-9999.0,-9999.0,-9999.0,-9999.0,-9999.0,-9999.0
P21_HV1_1_interaction,active_and_state_lat_and_long_zero_last_source_row_continuous_segment,P21,HV1,1,on_ramp,P21_HV1_1,P21_HV1.1.asc,HV1,60,initiator_active,3010,1,50166.67,50166.6676,1.0,1.0,22.90834,82.470024,195.0,42.622282,1221.717759,0.370246,2.132636,0.0,22.915853,-0.126708,0.0,1221.76179,-28.702165,6.203049,1.0,0.0,0.0,0.0,1161.545485,-33.408174,1021.0,5006.0,0.0,175.0,-0.025472,35.137103,126.493572,35.13709,-0.030687,-2.8e-05,0.139409,-0.022157,-0.000396,0.022765,0.306533,0.0,0.0,0.0,0.0,1.0,-9999.0,-9999.0,-9999.0,-9999.0,-9999.0,-9999.0,-9999.0,-9999.0,-9999.0,-9999.0,-9999.0,-9999.0,-9999.0,-9999.0
P21_HV1_1_interaction,active_and_state_lat_and_long_zero_last_source_row_continuous_segment,P21,HV1,1,on_ramp,P21_HV1_1,P21_HV1.1.asc,HV1,60,initiator_active,3011,1,50183.35,50183.3514,1.0,1.0,22.913349,82.488058,195.0,43.004989,1222.098885,0.317932,2.136101,0.0,22.921703,-0.126683,0.0,1222.142388,-28.734405,6.2046,1.0,0.0,0.0,0.0,1162.131065,-33.413,1021.0,5006.0,0.0,175.0,-0.026136,35.139426,126.501934,35.139413,-0.030073,-3.5e-05,0.139319,-0.023633,-0.000417,0.022137,0.306533,0.0,0.0,0.0,0.0,1.0,-9999.0,-9999.0,-9999.0,-9999.0,-9999.0,-9999.0,-9999.0,-9999.0,-9999.0,-9999.0,-9999.0,-9999.0,-9999.0,-9999.0
P21_HV1_1_interaction,active_and_state_lat_and_long_zero_last_source_row_continuous_segment,P21,HV1,1,on_ramp,P21_HV1_1,P21_HV1.1.asc,HV1,60,initiator_active,3012,1,50200.0,50200.0007,1.0,1.0,22.918847,82.507848,195.0,43.387743,1222.480136,0.308349,2.13471,0.0,22.92675,-0.126574,0.0,1222.52313,-28.766063,6.206148,1.0,0.0,0.0,0.0,1162.716684,-33.417832,1021.0,5006.0,0.0,175.0,-0.026799,35.141748,126.510292,35.141735,-0.029377,-4.2e-05,0.139246,-0.02365,-0.000391,0.021038,0.306533,0.0,0.0,0.0,0.0,1.0,-9999.0,-9999.0,-9999.0,-9999.0,-9999.0,-9999.0,-9999.0,-9999.0,-9999.0,-9999.0,-9999.0,-9999.0,-9999.0,-9999.0
P21_HV1_1_interaction,active_and_state_lat_and_long_zero_last_source_row_continuous_segment,P21,HV1,1,on_ramp,P21_HV1_1,P21_HV1.1.asc,HV1,60,initiator_active,3013,1,50216.67,50216.6674,1.0,1.0,22.924261,82.527339,195.0,43.77052,1222.861517,0.311434,2.137467,0.0,22.931742,-0.126404,0.0,1222.904003,-28.797136,6.207692,1.0,0.0,0.0,0.0,1163.302341,-33.422669,1021.0,5006.0,0.0,175.0,-0.027462,35.144068,126.518646,35.144057,-0.028602,-4.8e-05,0.139222,-0.02416,-0.000331,0.02041,0.306533,0.0,0.0,0.0,0.0,1.0,-9999.0,-9999.0,-9999.0,-9999.0,-9999.0,-9999.0,-9999.0,-9999.0,-9999.0,-9999.0,-9999.0,-9999.0,-9999.0,-9999.0
P21_HV1_1_interaction,active_and_state_lat_and_long_zero_last_source_row_continuous_segment,P21,HV1,1,on_ramp,P21_HV1_1,P21_HV1.1.asc,HV1,60,initiator_active,3014,1,50233.33,50233.3343,1.0,1.0,22.929229,82.545224,196.0,0.278942,1223.243016,0.317995,2.135968,0.0,22.936799,-0.126153,0.0,1223.285007,-28.827625,6.209233,1.0,0.0,0.0,0.0,1163.888037,-33.427512,1021.0,5006.0,0.0,175.0,-0.028125,35.146392,126.527012,35.146381,-0.027775,-5.3e-05,0.139599,-0.026134,-0.00025,0.02041,0.306533,0.0,0.0,0.0,0.0,1.0,-9999.0,-9999.0,-9999.0,-9999.0,-9999.0,-9999.0,-9999.0,-9999.0,-9999.0,-9999.0,-9999.0,-9999.0,-9999.0,-9999.0
P21_HV1_1_interaction,active_and_state_lat_and_long_zero_last_source_row_continuous_segment,P21,HV1,1,on_ramp,P21_HV1_1,P21_HV1.1.asc,HV1,60,initiator_active,3015,1,50250.0,50250.0008,1.0,1.0,22.934247,82.56329,196.0,0.661109,1223.624632,0.314766,2.135929,0.0,22.9419,-0.125897,0.0,1223.666143,-28.85753,6.210773,1.0,0.0,0.0,0.0,1164.473771,-33.432362,1021.0,5006.0,0.0,175.0,-0.028789,35.148723,126.535402,35.148713,-0.02692,-5.6e-05,0.139935,-0.028217,-0.00016,0.02041,0.306533,0.0,0.0,0.0,0.0,1.0,-9999.0,-9999.0,-9999.0,-9999.0,-9999.0,-9999.0,-9999.0,-9999.0,-9999.0,-9999.0,-9999.0,-9999.0,-9999.0,-9999.0
P21_HV1_1_interaction,active_and_state_lat_and_long_zero_last_source_row_continuous_segment,P21,HV1,1,on_ramp,P21_HV1_1,P21_HV1.1.asc,HV1,60,initiator_active,3016,1,50266.67,50266.6673,1.0,1.0,22.939359,82.581692,196.0,1.043368,1224.006367,0.320736,2.135798,0.0,22.946995,-0.125598,0.0,1224.047409,-28.886849,6.212312,1.0,0.0,0.0,0.0,1165.059544,-33.437218,1021.0,5006.0,0.0,175.0,-0.029453,35.151057,126.543806,35.151047,-0.026043,-5.8e-05,0.140087,-0.030366,-7.2e-05,0.02041,0.291457,0.0,0.0,0.0,0.0,1.0,-9999.0,-9999.0,-9999.0,-9999.0,-9999.0,-9999.0,-9999.0,-9999.0,-9999.0,-9999.0,-9999.0,-9999.0,-9999.0,-9999.0
P21_HV1_1_interaction,active_and_state_lat_and_long_zero_last_source_row_continuous_segment,P21,HV1,1,on_ramp,P21_HV1_1,P21_HV1.1.asc,HV1,60,initiator_active,3017,1,50283.33,50283.3343,1.0,1.0,22.944433,82.599957,196.0,1.42572,1224.388218,0.317594,2.134881,0.0,22.952129,-0.125324,0.0,1224.428805,-28.915583,6.21385,1.0,0.0,0.0,0.0,1165.645356,-33.442083,1021.0,5006.0,0.0,175.0,-0.030119,35.153393,126.552214,35.153384,-0.025133,-5.8e-05,0.140124,-0.031249,6e-06,0.019782,0.291457,0.0,0.0,0.0,0.0,1.0,-9999.0,-9999.0,-9999.0,-9999.0,-9999.0,-9999.0,-9999.0,-9999.0,-9999.0,-9999.0,-9999.0,-9999.0,-9999.0,-9999.0
P21_HV1_1_interaction,active_and_state_lat_and_long_zero_last_source_row_continuous_segment,P21,HV1,1,on_ramp,P21_HV1_1,P21_HV1.1.asc,HV1,60,initiator_active,3018,1,50300.0,50300.0007,1.0,1.0,22.949578,82.618482,196.0,1.808164,1224.770186,0.327764,2.134666,0.0,22.95726,-0.125043,0.0,1224.81033,-28.943731,6.215389,1.0,0.0,0.0,0.0,1166.231207,-33.446955,1021.0,5006.0,0.0,175.0,-0.030787,35.155728,126.560622,35.15572,-0.024164,-5.7e-05,0.140108,-0.028584,7e-05,0.017427,0.291457,0.0,0.0,0.0,0.0,1.0,-9999.0,-9999.0,-9999.0,-9999.0,-9999.0,-9999.0,-9999.0,-9999.0,-9999.0,-9999.0,-9999.0,-9999.0,-9999.0,-9999.0
P21_HV1_1_interaction,active_and_state_lat_and_long_zero_last_source_row_continuous_segment,P21,HV1,1,on_ramp,P21_HV1_1,P21_HV1.1.asc,HV1,60,initiator_active,3019,1,50316.67,50316.6672,1.0,1.0,22.954686,82.636869,196.0,2.190699,1225.15227,0.330629,2.133172,0.0,22.962554,-0.124782,0.0,1225.191984,-28.971294,6.216927,1.0,0.0,0.0,0.0,1166.817097,-33.451835,1021.0,5006.0,0.0,175.0,-0.031457,35.158063,126.569028,35.158056,-0.023208,-5.6e-05,0.140058,-0.030923,0.00012,0.018055,0.291457,0.0,0.0,0.0,0.0,1.0,-9999.0,-9999.0,-9999.0,-9999.0,-9999.0,-9999.0,-9999.0,-9999.0,-9999.0,-9999.0,-9999.0,-9999.0,-9999.0,-9999.0
P21_HV1_1_interaction,active_and_state_lat_and_long_zero_last_source_row_continuous_segment,P21,HV1,1,on_ramp,P21_HV1_1,P21_HV1.1.asc,HV1,60,initiator_active,3020,1,50333.33,50333.3344,1.0,1.0,22.959902,82.655646,196.0,2.573328,1225.534469,0.335004,2.134202,0.0,22.967935,-0.124569,0.0,1225.573769,-28.998271,6.218466,1.0,0.0,0.0,0.0,1167.403026,-33.456725,1021.0,5006.0,0.0,175.0,-0.032128,35.160397,126.57743,35.16039,-0.022312,-5.3e-05,0.139993,-0.037337,0.000157,0.02041,0.291457,0.0,0.0,0.0,0.0,1.0,-9999.0,-9999.0,-9999.0,-9999.0,-9999.0,-9999.0,-9999.0,-9999.0,-9999.0,-9999.0,-9999.0,-9999.0,-9999.0,-9999.0
P21_HV1_1_interaction,active_and_state_lat_and_long_zero_last_source_row_continuous_segment,P21,HV1,1,on_ramp,P21_HV1_1,P21_HV1.1.asc,HV1,60,initiator_active,3021,1,50350.0,50350.0007,1.0,1.0,22.96522,82.674793,196.0,2.95605,1225.916785,0.339147,2.131238,0.0,22.973316,-0.124398,0.0,1225.955685,-29.024663,6.220007,1.0,0.0,0.0,0.0,1167.988993,-33.461623,1021.0,5006.0,0.0,175.0,-0.032804,35.16273,126.585828,35.162723,-0.021513,-5e-05,0.139919,-0.045733,0.000183,0.023393,0.291457,0.0,0.0,0.0,0.0,1.0,-9999.0,-9999.0,-9999.0,-9999.0,-9999.0,-9999.0,-9999.0,-9999.0,-9999.0,-9999.0,-9999.0,-9999.0,-9999.0,-9999.0
P21_HV1_1_interaction,active_and_state_lat_and_long_zero_last_source_row_continuous_segment,P21,HV1,1,on_ramp,P21_HV1_1,P21_HV1.1.asc,HV1,60,initiator_active,3022,1,50366.68,50366.6839,1.0,1.0,22.970637,82.694294,196.0,3.338868,1226.299218,0.333888,2.132499,0.0,22.978799,-0.124273,0.0,1226.337731,-29.050468,6.221548,1.0,0.0,0.0,0.0,1168.574999,-33.466533,1021.0,5006.0,0.0,175.0,-0.033483,35.165062,126.594222,35.165056,-0.020798,-4.7e-05,0.13984,-0.054654,0.0002,0.02669,0.291457,0.0,0.0,0.0,0.0,1.0,-9999.0,-9999.0,-9999.0,-9999.0,-9999.0,-9999.0,-9999.0,-9999.0,-9999.0,-9999.0,-9999.0,-9999.0,-9999.0,-9999.0
P21_HV1_1_interaction,active_and_state_lat_and_long_zero_last_source_row_continuous_segment,P21,HV1,1,on_ramp,P21_HV1_1,P21_HV1.1.asc,HV1,60,initiator_active,3023,1,50383.33,50383.3342,1.0,1.0,22.976053,82.71379,196.0,3.721782,1226.681768,0.33508,2.129016,0.0,22.984223,-0.124219,0.0,1226.719908,-29.075688,6.223091,1.0,0.0,0.0,0.0,1169.161044,-33.471456,1021.0,5006.0,0.0,175.0,-0.034169,35.167392,126.602612,35.167386,-0.020136,-4.4e-05,0.139749,-0.06382,0.00021,0.030144,0.291457,0.0,0.0,0.0,0.0,1.0,-9999.0,-9999.0,-9999.0,-9999.0,-9999.0,-9999.0,-9999.0,-9999.0,-9999.0,-9999.0,-9999.0,-9999.0,-9999.0,-9999.0
P21_HV1_1_interaction,active_and_state_lat_and_long_zero_last_source_row_continuous_segment,P21,HV1,1,on_ramp,P21_HV1_1,P21_HV1.1.asc,HV1,60,initiator_active,3024,1,50400.0,50400.0039,1.0,1.0,22.981493,82.733373,196.0,4.104791,1227.064435,0.329233,2.125014,0.0,22.989588,-0.124212,0.0,1227.102213,-29.100323,6.224634,1.0,0.0,0.0,0.0,1169.747128,-33.476394,1021.0,5006.0,0.0,175.0,-0.034864,35.169721,126.610995,35.169716,-0.019448,-4e-05,0.139666,-0.065777,0.000207,0.030144,0.291457,0.0,0.0,0.0,0.0,1.0,-9999.0,-9999.0,-9999.0,-9999.0,-9999.0,-9999.0,-9999.0,-9999.0,-9999.0,-9999.0,-9999.0,-9999.0,-9999.0,-9999.0
P21_HV1_1_interaction,active_and_state_lat_and_long_zero_last_source_row_continuous_segment,P21,HV1,1,on_ramp,P21_HV1_1,P21_HV1.1.asc,HV1,60,initiator_active,3025,1,50416.67,50416.6673,1.0,1.0,22.986926,82.752934,196.0,4.487897,1227.447217,0.333419,2.122931,0.0,22.994897,-0.124282,0.0,1227.484645,-29.124374,6.226178,1.0,0.0,0.0,0.0,1170.33325,-33.481348,1021.0,5006.0,0.0,175.0,-0.035567,35.172022,126.619278,35.172017,-0.018724,-3.7e-05,0.133837,-0.07345,0.000196,0.032813,0.291457,0.0,0.0,0.0,0.0,1.0,-9999.0,-9999.0,-9999.0,-9999.0,-9999.0,-9999.0,-9999.0,-9999.0,-9999.0,-9999.0,-9999.0,-9999.0,-9999.0,-9999.0
P21_HV1_1_interaction,active_and_state_lat_and_long_zero_last_source_row_continuous_segment,P21,HV1,1,on_ramp,P21_HV1_1,P21_HV1.1.asc,HV1,60,initiator_active,3026,1,50433.33,50433.3342,1.0,1.0,22.992243,82.772075,196.0,4.871096,1227.830111,0.336803,2.119655,0.0,23.0003,-0.124418,0.0,1227.867202,-29.14784,6.227722,1.0,0.0,0.0,0.0,1170.91941,-33.48632,1021.0,5006.0,0.0,175.0,-0.036282,35.174093,126.626736,35.174089,-0.017894,-3.4e-05,0.119329,-0.075651,0.000158,0.032656,0.291457,0.0,0.0,0.0,0.0,1.0,-9999.0,-9999.0,-9999.0,-9999.0,-9999.0,-9999.0,-9999.0,-9999.0,-9999.0,-9999.0,-9999.0,-9999.0,-9999.0,-9999.0
P21_HV1_1_interaction,active_and_state_lat_and_long_zero_last_source_row_continuous_segment,P21,HV1,1,on_ramp,P21_HV1_1,P21_HV1.1.asc,HV1,60,initiator_active,3027,1,50450.0,50450.0009,1.0,1.0,22.997587,82.791312,196.0,5.254388,1228.213117,0.336622,2.112781,0.0,23.005735,-0.124637,0.0,1228.249884,-29.170723,6.229266,1.0,0.0,0.0,0.0,1171.505605,-33.491311,1021.0,5006.0,0.0,175.0,-0.037009,35.176021,126.633676,35.176017,-0.016954,-3.2e-05,0.113893,-0.078107,8.8e-05,0.032185,0.291457,0.0,0.0,0.0,0.0,1.0,-9999.0,-9999.0,-9999.0,-9999.0,-9999.0,-9999.0,-9999.0,-9999.0,-9999.0,-9999.0,-9999.0,-9999.0,-9999.0,-9999.0
P21_HV1_1_interaction,active_and_state_lat_and_long_zero_last_source_row_continuous_segment,P21,HV1,1,on_ramp,P21_HV1_1,P21_HV1.1.asc,HV1,60,initiator_active,3028,1,50466.67,50466.6685,1.0,1.0,23.003018,82.810864,196.0,5.637775,1228.596235,0.336583,2.103758,0.0,23.011166,-0.124929,0.0,1228.632692,-29.193024,6.230807,1.0,0.0,0.0,0.0,1172.091832,-33.496321,1021.0,5006.0,0.0,175.0,-0.037749,35.177899,126.640436,35.177895,-0.015918,-3.2e-05,0.112033,-0.080785,-1.8e-05,0.032185,0.291457,0.0,0.0,0.0,0.0,1.0,-9999.0,-9999.0,-9999.0,-9999.0,-9999.0,-9999.0,-9999.0,-9999.0,-9999.0,-9999.0,-9999.0,-9999.0,-9999.0,-9999.0
P21_HV1_1_interaction,active_and_state_lat_and_long_zero_last_source_row_continuous_segment,P21,HV1,1,on_ramp,P21_HV1_1,P21_HV1.1.asc,HV1,60,initiator_active,3029,1,50483.33,50483.3344,1.0,1.0,23.00845,82.830422,196.0,6.021255,1228.979465,0.324425,2.096537,0.0,23.016496,-0.125294,0.0,1229.015624,-29.214746,6.232347,1.0,0.0,0.0,0.0,1172.67809,-33.501352,1021.0,5006.0,0.0,175.0,-0.038503,35.179759,126.647133,35.179756,-0.014792,-3.3e-05,0.111379,-0.082778,-0.000127,0.0314,0.291457,0.0,0.0,0.0,0.0,1.0,-9999.0,-9999.0,-9999.0,-9999.0,-9999.0,-9999.0,-9999.0,-9999.0,-9999.0,-9999.0,-9999.0,-9999.0,-9999.0,-9999.0
P21_HV1_1_interaction,active_and_state_lat_and_long_zero_last_source_row_continuous_segment,P21,HV1,1,on_ramp,P21_HV1_1,P21_HV1.1.asc,HV1,60,initiator_active,3030,1,50500.01,50500.012,1.0,1.0,23.013881,82.849972,196.0,6.40483,1229.362804,0.330559,2.086318,0.0,23.021763,-0.125739,0.0,1229.398676,-29.23589,6.233881,1.0,0.0,0.0,0.0,1173.26438,-33.506405,1021.0,5006.0,0.0,175.0,-0.03927,35.181613,126.653808,35.181611,-0.013589,-3.6e-05,0.111125,-0.08514,-0.000219,0.031086,0.291457,0.0,0.0,0.0,0.0,1.0,-9999.0,-9999.0,-9999.0,-9999.0,-9999.0,-9999.0,-9999.0,-9999.0,-9999.0,-9999.0,-9999.0,-9999.0,-9999.0,-9999.0
P21_HV1_1_interaction,active_and_state_lat_and_long_zero_last_source_row_continuous_segment,P21,HV1,1,on_ramp,P21_HV1_1,P21_HV1.1.asc,HV1,60,initiator_active,3031,1,50516.67,50516.6679,1.0,1.0,23.01911,82.868797,196.0,6.788497,1229.746251,0.334137,2.074925,0.0,23.027131,-0.126205,0.0,1229.781848,-29.25646,6.235411,1.0,0.0,0.0,0.0,1173.8507,-33.511479,1021.0,5006.0,0.0,175.0,-0.040053,35.183465,126.660472,35.183462,-0.01232,-4e-05,0.111007,-0.08698,-0.000276,0.030458,0.291457,0.0,0.0,0.0,0.0,1.0,-9999.0,-9999.0,-9999.0,-9999.0,-9999.0,-9999.0,-9999.0,-9999.0,-9999.0,-9999.0,-9999.0,-9999.0,-9999.0,-9999.0
P21_HV1_1_interaction,active_and_state_lat_and_long_zero_last_source_row_continuous_segment,P21,HV1,1,on_ramp,P21_HV1_1,P21_HV1.1.asc,HV1,60,initiator_active,3032,1,50533.33,50533.3343,1.0,1.0,23.024428,82.887942,196.0,7.172253,1230.129803,0.338469,2.061966,0.0,23.032536,-0.126718,0.0,1230.16514,-29.276458,6.236933,1.0,0.0,0.0,0.0,1174.43705,-33.516577,1021.0,5006.0,0.0,175.0,-0.040851,35.185314,126.667132,35.185313,-0.010996,-4.5e-05,0.110934,-0.088925,-0.000294,0.02983,0.291457,0.0,0.0,0.0,0.0,1.0,-9999.0,-9999.0,-9999.0,-9999.0,-9999.0,-9999.0,-9999.0,-9999.0,-9999.0,-9999.0,-9999.0,-9999.0,-9999.0,-9999.0
P21_HV1_1_interaction,active_and_state_lat_and_long_zero_last_source_row_continuous_segment,P21,HV1,1,on_ramp,P21_HV1_1,P21_HV1.1.asc,HV1,60,initiator_active,3033,1,50550.01,50550.0099,1.0,1.0,23.029826,82.907373,196.0,7.556103,1230.513463,0.339171,2.047521,0.0,23.038002,-0.127263,0.0,1230.548551,-29.295888,6.238446,1.0,0.0,0.0,0.0,1175.023432,-33.521698,1021.0,5006.0,0.0,175.0,-0.041666,35.187163,126.673787,35.187162,-0.009644,-5e-05,0.110872,-0.092265,-0.000276,0.02983,0.291457,0.0,0.0,0.0,0.0,1.0,-9999.0,-9999.0,-9999.0,-9999.0,-9999.0,-9999.0,-9999.0,-9999.0,-9999.0,-9999.0,-9999.0,-9999.0,-9999.0,-9999.0
P21_HV1_1_interaction,active_and_state_lat_and_long_zero_last_source_row_continuous_segment,P21,HV1,1,on_ramp,P21_HV1_1,P21_HV1.1.asc,HV1,60,initiator_active,3034,1,50566.67,50566.6672,1.0,1.0,23.035267,82.92696,196.0,7.940045,1230.897228,0.332641,2.032153,0.0,23.043444,-0.127796,0.0,1230.932083,-29.314754,6.239948,1.0,0.0,0.0,0.0,1175.609844,-33.526844,1021.0,5006.0,0.0,175.0,-0.042498,35.189011,126.680439,35.18901,-0.008285,-5.4e-05,0.110857,-0.095649,-0.00023,0.02983,0.291457,0.0,0.0,0.0,0.0,1.0,-9999.0,-9999.0,-9999.0,-9999.0,-9999.0,-9999.0,-9999.0,-9999.0,-9999.0,-9999.0,-9999.0,-9999.0,-9999.0,-9999.0
P21_HV1_1_interaction,active_and_state_lat_and_long_zero_last_source_row_continuous_segment,P21,HV1,1,on_ramp,P21_HV1_1,P21_HV1.1.asc,HV1,60,initiator_active,3035,1,50583.34,50583.3377,1.0,1.0,23.040739,82.946662,196.0,8.324079,1231.2811,0.343724,2.015873,0.0,23.048842,-0.128322,0.0,1231.315731,-29.33306,6.241438,1.0,0.0,0.0,0.0,1176.196286,-33.532015,1021.0,5006.0,0.0,175.0,-0.043348,35.190862,126.687103,35.190861,-0.006945,-5.7e-05,0.111219,-0.102201,-0.000167,0.032342,0.08675,0.0,0.0,0.0,0.0,0.0,-9999.0,-9999.0,-9999.0,-9999.0,-9999.0,-9999.0,-9999.0,-9999.0,-9999.0,-9999.0,-9999.0,-9999.0,-9999.0,-9999.0
P21_HV1_1_interaction,active_and_state_lat_and_long_zero_last_source_row_continuous_segment,P21,HV1,1,on_ramp,P21_HV1_1,P21_HV1.1.asc,HV1,60,initiator_active,3036,1,50600.0,50600.0004,1.0,1.0,23.046127,82.966056,196.0,8.708208,1231.665076,0.343902,1.994943,0.0,23.054424,-0.128842,0.0,1231.699497,-29.350811,6.242913,1.0,0.0,0.0,0.0,1176.782759,-33.537213,1021.0,5006.0,0.0,175.0,-0.044217,35.192719,126.69379,35.192719,-0.00565,-5.9e-05,0.111538,-0.109177,-9.5e-05,0.034069,0.08675,0.0,1.0,0.0,0.0,0.0,-9999.0,-9999.0,-9999.0,-9999.0,-9999.0,-9999.0,-9999.0,-9999.0,-9999.0,-9999.0,-9999.0,-9999.0,-9999.0,-9999.0
P21_HV1_1_interaction,active_and_state_lat_and_long_zero_last_source_row_continuous_segment,P21,HV1,1,on_ramp,P21_HV1_1,P21_HV1.1.asc,HV1,60,initiator_active,3037,1,50616.67,50616.667,1.0,1.0,23.051617,82.985823,196.0,9.092427,1232.049155,0.304814,1.975361,0.0,23.05952,-0.129311,0.0,1232.083381,-29.368012,6.244372,1.0,0.0,0.0,0.0,1177.369263,-33.54244,1021.0,5006.0,0.0,193.0,-0.04512,35.19458,126.700489,35.19458,-0.004412,-6e-05,0.11167,-0.120372,-2.1e-05,0.037837,0.13075,0.0,1.0,0.0,0.0,0.0,-9999.0,-9999.0,-9999.0,-9999.0,-9999.0,-9999.0,-9999.0,-9999.0,-9999.0,-9999.0,-9999.0,-9999.0,-9999.0,-9999.0
P21_HV1_1_interaction,active_and_state_lat_and_long_zero_last_source_row_continuous_segment,P21,HV1,1,on_ramp,P21_HV1_1,P21_HV1.1.asc,HV1,60,initiator_active,3038,1,50633.33,50633.3334,1.0,1.0,23.057201,83.005924,196.0,9.47674,1232.43334,0.346796,1.949889,0.0,23.064726,-0.129719,0.0,1232.467371,-29.38467,6.245811,1.0,0.0,0.0,0.0,1177.955797,-33.547697,1021.0,5006.0,0.0,193.0,-0.046088,35.196442,126.707191,35.196442,-0.003251,-6e-05,0.111677,-0.133845,4.9e-05,0.042704,0.17325,0.0,1.0,0.0,0.0,0.0,-9999.0,-9999.0,-9999.0,-9999.0,-9999.0,-9999.0,-9999.0,-9999.0,-9999.0,-9999.0,-9999.0,-9999.0,-9999.0,-9999.0
P21_HV1_1_interaction,active_and_state_lat_and_long_zero_last_source_row_continuous_segment,P21,HV1,1,on_ramp,P21_HV1_1,P21_HV1.1.asc,HV1,60,initiator_active,3039,1,50650.0,50650.001,1.0,1.0,23.061973,83.023103,196.0,9.861138,1232.817618,0.340448,1.92384,0.0,23.070321,-0.130093,0.0,1232.851474,-29.40079,6.247231,1.0,0.0,0.0,0.0,1178.542363,-33.552988,1021.0,5006.0,0.0,193.0,-0.047125,35.198303,126.713891,35.198303,-0.002075,-5.8e-05,0.11166,-0.137111,0.000107,0.042704,0.17325,0.0,1.0,0.0,0.0,0.0,-9999.0,-9999.0,-9999.0,-9999.0,-9999.0,-9999.0,-9999.0,-9999.0,-9999.0,-9999.0,-9999.0,-9999.0,-9999.0,-9999.0
P21_HV1_1_interaction,active_and_state_lat_and_long_zero_last_source_row_continuous_segment,P21,HV1,1,on_ramp,P21_HV1_1,P21_HV1.1.asc,HV1,60,initiator_active,3040,1,50666.67,50666.6669,1.0,1.0,23.067529,83.043106,196.0,10.245625,1233.201996,0.343587,1.898427,0.0,23.075831,-0.130344,0.0,1233.235692,-29.416381,6.248627,1.0,0.0,0.0,0.0,1179.128959,-33.558314,1021.0,5006.0,0.0,193.0,-0.048232,35.200163,126.720587,35.200163,-0.000956,-5.6e-05,0.111546,-0.158977,0.000146,0.051496,0.217,0.0,1.0,0.0,0.0,0.0,-9999.0,-9999.0,-9999.0,-9999.0,-9999.0,-9999.0,-9999.0,-9999.0,-9999.0,-9999.0,-9999.0,-9999.0,-9999.0,-9999.0
P21_HV1_1_interaction,active_and_state_lat_and_long_zero_last_source_row_continuous_segment,P21,HV1,1,on_ramp,P21_HV1_1,P21_HV1.1.asc,HV1,60,initiator_active,3041,1,50683.33,50683.3343,1.0,1.0,23.073072,83.06306,196.0,10.630206,1233.586477,0.344303,1.871151,0.0,23.081394,-0.130484,0.0,1233.620023,-29.431449,6.249999,1.0,0.0,0.0,0.0,1179.715585,-33.563679,1021.0,5006.0,0.0,193.0,-0.049413,35.202021,126.727277,35.202021,0.000209,-5.4e-05,0.111448,-0.172638,0.000162,0.056363,0.217,0.0,1.0,0.0,0.0,0.0,-9999.0,-9999.0,-9999.0,-9999.0,-9999.0,-9999.0,-9999.0,-9999.0,-9999.0,-9999.0,-9999.0,-9999.0,-9999.0,-9999.0
P21_HV1_1_interaction,active_and_state_lat_and_long_zero_last_source_row_continuous_segment,P21,HV1,1,on_ramp,P21_HV1_1,P21_HV1.1.asc,HV1,60,initiator_active,3042,1,50700.0,50700.0006,1.0,1.0,23.07861,83.082996,196.0,11.014879,1233.971057,0.340601,1.838557,0.0,23.086969,-0.130544,0.0,1234.004466,-29.446001,6.251345,1.0,0.0,0.0,0.0,1180.302242,-33.569085,1021.0,5006.0,0.0,193.0,-0.050669,35.203878,126.73396,35.203878,0.001452,-5.1e-05,0.111331,-0.188609,0.000161,0.062172,0.20875,0.0,1.0,0.0,0.0,0.0,-9999.0,-9999.0,-9999.0,-9999.0,-9999.0,-9999.0,-9999.0,-9999.0,-9999.0,-9999.0,-9999.0,-9999.0,-9999.0,-9999.0
P21_HV1_1_interaction,active_and_state_lat_and_long_zero_last_source_row_continuous_segment,P21,HV1,1,on_ramp,P21_HV1_1,P21_HV1.1.asc,HV1,60,initiator_active,3043,1,50716.67,50716.6678,1.0,1.0,23.08418,83.10305,196.0,11.399644,1234.355739,0.337902,1.802937,0.0,23.092462,-0.130446,0.0,1234.389021,-29.460048,6.252662,1.0,0.0,0.0,0.0,1180.88893,-33.574537,1021.0,5006.0,0.0,193.0,-0.052005,35.205732,126.740635,35.205732,0.002783,-4.9e-05,0.111188,-0.207944,0.000143,0.069394,0.188,0.0,1.0,0.0,0.0,0.0,-9999.0,-9999.0,-9999.0,-9999.0,-9999.0,-9999.0,-9999.0,-9999.0,-9999.0,-9999.0,-9999.0,-9999.0,-9999.0,-9999.0
P21_HV1_1_interaction,active_and_state_lat_and_long_zero_last_source_row_continuous_segment,P21,HV1,1,on_ramp,P21_HV1_1,P21_HV1.1.asc,HV1,60,initiator_active,3044,1,50733.33,50733.3334,1.0,1.0,23.089726,83.123013,196.0,11.784504,1234.740519,0.345514,1.772957,0.0,23.097973,-0.130251,0.0,1234.773685,-29.473598,6.253949,1.0,0.0,0.0,0.0,1181.475648,-33.580039,1021.0,5006.0,0.0,193.0,-0.053424,35.207583,126.747299,35.207583,0.004217,-4.7e-05,0.111003,-0.231056,0.000112,0.078186,0.15925,0.0,1.0,0.0,0.0,0.0,-9999.0,-9999.0,-9999.0,-9999.0,-9999.0,-9999.0,-9999.0,-9999.0,-9999.0,-9999.0,-9999.0,-9999.0,-9999.0,-9999.0
P21_HV1_1_interaction,active_and_state_lat_and_long_zero_last_source_row_continuous_segment,P21,HV1,1,on_ramp,P21_HV1_1,P21_HV1.1.asc,HV1,60,initiator_active,3045,1,50750.0,50750.0007,1.0,1.0,23.095198,83.142714,196.0,12.169453,1235.125397,0.34237,1.734992,0.0,23.103583,-0.129874,0.0,1235.158459,-29.486661,6.255204,1.0,0.0,0.0,0.0,1182.062394,-33.585594,1021.0,5006.0,0.0,193.0,-0.05493,35.207728,126.747821,35.207728,0.005758,-4.5e-05,-0.084094,-0.261568,-2.2e-05,0.090275,0.123,0.002198,1.0,0.0,0.0,0.0,-9999.0,-9999.0,-9999.0,-9999.0,-9999.0,-9999.0,-9999.0,-9999.0,-9999.0,-9999.0,-9999.0,-9999.0,-9999.0,-9999.0
P21_HV1_1_interaction,active_and_state_lat_and_long_zero_last_source_row_continuous_segment,P21,HV1,1,on_ramp,P21_HV1_1,P21_HV1.1.asc,HV1,60,initiator_active,3046,1,50766.67,50766.6675,1.0,1.0,23.100774,83.162787,196.0,12.554495,1235.510373,0.342134,1.698693,0.0,23.109151,-0.12933,0.0,1235.543342,-29.499245,6.256426,1.0,0.0,0.0,0.0,1182.649139,-33.591209,1021.0,5006.0,0.0,193.0,-0.056528,35.204676,126.736833,35.204675,0.007406,-5e-05,-0.228384,-0.299539,-0.00068,0.105661,0.0705,0.0,1.0,0.0,0.0,0.0,-9999.0,-9999.0,-9999.0,-9999.0,-9999.0,-9999.0,-9999.0,-9999.0,-9999.0,-9999.0,-9999.0,-9999.0,-9999.0,-9999.0
P21_HV1_1_interaction,active_and_state_lat_and_long_zero_last_source_row_continuous_segment,P21,HV1,1,on_ramp,P21_HV1_1,P21_HV1.1.asc,HV1,60,initiator_active,3047,1,50783.33,50783.3342,1.0,1.0,23.106361,83.1829,196.0,12.93963,1235.895447,0.35191,1.653297,0.0,23.114691,-0.128677,0.0,1235.928332,-29.511362,6.257613,1.0,0.0,0.0,0.0,1183.235841,-33.59689,1021.0,5006.0,0.0,193.0,-0.058226,35.200976,126.723513,35.200975,0.009222,-7.4e-05,-0.211361,-0.341472,-0.002061,0.122617,0.0705,0.0,1.0,0.0,0.0,0.0,-9999.0,-9999.0,-9999.0,-9999.0,-9999.0,-9999.0,-9999.0,-9999.0,-9999.0,-9999.0,-9999.0,-9999.0,-9999.0,-9999.0
P21_HV1_1_interaction,active_and_state_lat_and_long_zero_last_source_row_continuous_segment,P21,HV1,1,on_ramp,P21_HV1_1,P21_HV1.1.asc,HV1,60,initiator_active,3048,1,50800.01,50800.0053,1.0,1.0,23.111929,83.202943,196.0,13.324856,1236.280617,0.345809,1.609077,0.0,23.120488,-0.12787,0.0,1236.31343,-29.523024,6.258763,1.0,0.0,0.0,0.0,1183.822483,-33.602645,1021.0,5006.0,0.0,193.0,-0.060031,35.197948,126.712612,35.197946,0.011328,-0.000125,-0.158424,-0.38707,-0.003724,0.140986,0.01375,0.0,1.0,0.0,0.0,0.0,-9999.0,-9999.0,-9999.0,-9999.0,-9999.0,-9999.0,-9999.0,-9999.0,-9999.0,-9999.0,-9999.0,-9999.0,-9999.0,-9999.0
P21_HV1_1_interaction,active_and_state_lat_and_long_zero_last_source_row_continuous_segment,P21,HV1,1,on_ramp,P21_HV1_1,P21_HV1.1.asc,HV1,60,initiator_active,3049,1,50816.67,50816.6667,1.0,1.0,23.117553,83.22319,196.0,13.710176,1236.665883,0.335406,1.560196,0.0,23.126055,-0.126924,0.0,1236.698637,-29.534242,6.259875,1.0,0.0,0.0,0.0,1184.409075,-33.608485,1021.0,5006.0,0.0,193.0,-0.061952,35.195707,126.704547,35.195705,0.013886,-0.000199,-0.115124,-0.43149,-0.004838,0.158256,0.0,0.0,1.0,0.0,0.0,0.0,-9999.0,-9999.0,-9999.0,-9999.0,-9999.0,-9999.0,-9999.0,-9999.0,-9999.0,-9999.0,-9999.0,-9999.0,-9999.0,-9999.0
P21_HV1_1_interaction,active_and_state_lat_and_long_zero_last_source_row_continuous_segment,P21,HV1,1,on_ramp,P21_HV1_1,P21_HV1.1.asc,HV1,60,initiator_active,3050,1,50833.33,50833.3334,1.0,1.0,23.123302,83.243886,196.0,14.09559,1237.051248,0.333598,1.524451,0.0,23.1315,-0.125849,0.0,1237.083948,-29.545029,6.260947,1.0,0.0,0.0,0.0,1184.995629,-33.614419,1021.0,5006.0,0.0,193.0,-0.063999,35.194342,126.699632,35.194338,0.017095,-0.000282,-0.063343,-0.473585,-0.004966,0.173642,0.0,0.0,1.0,0.0,0.0,0.0,-9999.0,-9999.0,-9999.0,-9999.0,-9999.0,-9999.0,-9999.0,-9999.0,-9999.0,-9999.0,-9999.0,-9999.0,-9999.0,-9999.0
P21_HV1_1_interaction,active_and_state_lat_and_long_zero_last_source_row_continuous_segment,P21,HV1,1,on_ramp,P21_HV1_1,P21_HV1.1.asc,HV1,60,initiator_active,3051,1,50850.0,50850.0047,1.0,1.0,23.128785,83.263627,196.0,14.481096,1237.436707,0.33355,1.475512,0.0,23.136976,-0.124533,0.0,1237.469362,-29.555398,6.261978,1.0,0.0,0.0,0.0,1185.582157,-33.620457,1021.0,5006.0,0.0,193.0,-0.066182,35.193521,126.696676,35.193515,0.021117,-0.000357,-0.042433,-0.516599,-0.004176,0.1884,0.0,0.002198,1.0,0.0,0.0,0.0,-9999.0,-9999.0,-9999.0,-9999.0,-9999.0,-9999.0,-9999.0,-9999.0,-9999.0,-9999.0,-9999.0,-9999.0,-9999.0,-9999.0
P21_HV1_1_interaction,active_and_state_lat_and_long_zero_last_source_row_continuous_segment,P21,HV1,1,on_ramp,P21_HV1_1,P21_HV1.1.asc,HV1,60,initiator_active,3052,1,50866.68,50866.6788,1.0,1.0,23.134218,83.283184,196.0,14.866692,1237.822258,0.334997,1.436452,0.0,23.142412,-0.122972,0.0,1237.854877,-29.56536,6.262967,1.0,0.0,0.0,0.0,1186.168668,-33.626609,1021.0,5006.0,0.0,193.0,-0.068511,35.192567,126.693241,35.192557,0.026078,-0.000412,-0.063688,-0.557411,-0.002782,0.20096,0.0,0.0,1.0,0.0,0.0,0.0,-9999.0,-9999.0,-9999.0,-9999.0,-9999.0,-9999.0,-9999.0,-9999.0,-9999.0,-9999.0,-9999.0,-9999.0,-9999.0,-9999.0
P21_HV1_1_interaction,active_and_state_lat_and_long_zero_last_source_row_continuous_segment,P21,HV1,1,on_ramp,P21_HV1_1,P21_HV1.1.asc,HV1,60,initiator_active,3053,1,50883.33,50883.3341,1.0,1.0,23.139697,83.302908,196.0,15.252379,1238.207901,0.336106,1.3888,0.0,23.147892,-0.121189,0.0,1238.240493,-29.574927,6.263915,1.0,0.0,0.0,0.0,1186.755162,-33.632887,1021.0,5006.0,0.0,193.0,-0.070994,35.191529,126.689503,35.191514,0.032098,-0.000444,-0.067592,-0.596223,-0.001308,0.211165,0.0,0.0,1.0,0.0,0.0,0.0,-9999.0,-9999.0,-9999.0,-9999.0,-9999.0,-9999.0,-9999.0,-9999.0,-9999.0,-9999.0,-9999.0,-9999.0,-9999.0,-9999.0
P21_HV1_1_interaction,active_and_state_lat_and_long_zero_last_source_row_continuous_segment,P21,HV1,1,on_ramp,P21_HV1_1,P21_HV1.1.asc,HV1,60,initiator_active,3054,1,50900.0,50900.0002,1.0,1.0,23.145148,83.322533,196.0,15.638155,1238.593636,0.32847,1.342992,0.0,23.153392,-0.119222,0.0,1238.626209,-29.584113,6.26482,1.0,0.0,0.0,0.0,1187.341637,-33.639299,1021.0,5006.0,0.0,193.0,-0.073643,35.190024,126.684086,35.190002,0.039252,-0.000454,-0.105978,-0.634168,-0.00013,0.219643,0.0,0.0,1.0,0.0,0.0,0.0,-9999.0,-9999.0,-9999.0,-9999.0,-9999.0,-9999.0,-9999.0,-9999.0,-9999.0,-9999.0,-9999.0,-9999.0,-9999.0,-9999.0
P21_HV1_1_interaction,active_and_state_lat_and_long_zero_last_source_row_continuous_segment,P21,HV1,1,on_ramp,P21_HV1_1,P21_HV1.1.asc,HV1,60,initiator_active,3055,1,50916.67,50916.6667,1.0,1.0,23.15064,83.342305,196.0,16.024022,1238.979462,0.321341,1.297502,0.0,23.158758,-0.116985,0.0,1239.012025,-29.592929,6.265683,1.0,0.0,0.0,0.0,1187.928085,-33.645857,1021.0,5006.0,0.0,193.0,-0.076467,35.187724,126.675806,35.187692,0.047593,-0.000448,-0.159847,-0.66755,0.000634,0.224667,0.0,0.0,1.0,0.0,0.0,0.0,-9999.0,-9999.0,-9999.0,-9999.0,-9999.0,-9999.0,-9999.0,-9999.0,-9999.0,-9999.0,-9999.0,-9999.0,-9999.0,-9999.0
P21_HV1_1_interaction,active_and_state_lat_and_long_zero_last_source_row_continuous_segment,P21,HV1,1,on_ramp,P21_HV1_1,P21_HV1.1.asc,HV1,60,initiator_active,3056,1,50933.33,50933.3338,1.0,1.0,23.15608,83.361888,196.0,16.40998,1239.365378,0.316445,1.259382,0.0,23.163984,-0.114559,0.0,1239.397938,-29.601388,6.266504,1.0,0.0,0.0,0.0,1188.514492,-33.65257,1021.0,5006.0,0.0,193.0,-0.079477,35.18428,126.663408,35.184234,0.057169,-0.000433,-0.23905,-0.695526,0.000951,0.225923,0.0,0.0,1.0,0.0,0.0,0.0,-9999.0,-9999.0,-9999.0,-9999.0,-9999.0,-9999.0,-9999.0,-9999.0,-9999.0,-9999.0,-9999.0,-9999.0,-9999.0,-9999.0
P21_HV1_1_interaction,active_and_state_lat_and_long_zero_last_source_row_continuous_segment,P21,HV1,1,on_ramp,P21_HV1_1,P21_HV1.1.asc,HV1,60,initiator_active,3057,1,50950.0,50950.0,1.0,1.0,23.16139,83.381002,196.0,16.796026,1239.751383,0.3139,1.207048,0.0,23.16918,-0.111903,0.0,1239.783945,-29.609502,6.267285,1.0,1.0,0.0,0.0,1189.100842,-33.659448,1021.0,5006.0,0.0,193.0,-0.08268,35.179792,126.647251,35.179726,0.067949,-0.000419,-0.281972,-0.723169,0.000762,0.224824,0.0,0.0,1.0,0.0,0.0,0.0,-9999.0,-9999.0,-9999.0,-9999.0,-9999.0,-9999.0,-9999.0,-9999.0,-9999.0,-9999.0,-9999.0,-9999.0,-9999.0,-9999.0
P21_HV1_1_interaction,active_and_state_lat_and_long_zero_last_source_row_continuous_segment,P21,HV1,1,on_ramp,P21_HV1_1,P21_HV1.1.asc,HV1,60,initiator_active,3058,1,50966.67,50966.6677,1.0,1.0,23.166578,83.399681,196.0,17.182159,1240.137474,0.30112,1.157064,0.0,23.174282,-0.109136,0.0,1240.170045,-29.617282,6.268026,1.0,1.0,0.0,0.0,1189.687117,-33.666501,1021.0,5006.0,0.0,193.0,-0.086087,35.174423,126.627924,35.174333,0.079857,-0.000413,-0.351271,-0.746271,-0.00013,0.221527,0.0,0.002198,1.0,0.0,0.0,0.0,-9999.0,-9999.0,-9999.0,-9999.0,-9999.0,-9999.0,-9999.0,-9999.0,-9999.0,-9999.0,-9999.0,-9999.0,-9999.0,-9999.0
P21_HV1_1_interaction,active_and_state_lat_and_long_zero_last_source_row_continuous_segment,P21,HV1,1,on_ramp,P21_HV1_1,P21_HV1.1.asc,HV1,60,initiator_active,3059,1,50983.34,50983.3429,1.0,1.0,23.171756,83.418321,196.0,17.568377,1240.523649,0.299151,1.113766,0.0,23.179208,-0.106287,0.0,1240.556236,-29.624742,6.268727,1.0,1.0,0.0,0.0,1190.273299,-33.673735,1021.0,5006.0,0.0,193.0,-0.089705,35.167717,126.603782,35.167595,0.092805,-0.000427,-0.424828,-0.767184,-0.00141,0.216346,0.0,0.0,1.0,0.0,0.0,0.0,-9999.0,-9999.0,-9999.0,-9999.0,-9999.0,-9999.0,-9999.0,-9999.0,-9999.0,-9999.0,-9999.0,-9999.0,-9999.0,-9999.0
P21_HV1_1_interaction,active_and_state_lat_and_long_zero_last_source_row_continuous_segment,P21,HV1,1,on_ramp,P21_HV1_1,P21_HV1.1.asc,HV1,60,initiator_active,3060,1,51000.0,51000.0007,1.0,1.0,23.176754,83.436316,196.0,17.95468,1240.909908,0.287476,1.066962,0.0,23.184069,-0.103307,0.0,1240.942513,-29.631896,6.269389,1.0,1.0,0.0,0.0,1190.859371,-33.681161,1021.0,5006.0,0.0,193.0,-0.093543,35.16058,126.578088,35.160418,0.106652,-0.000467,-0.428498,-0.787,-0.003049,0.209752,0.0,0.002198,1.0,0.0,0.0,0.0,-9999.0,-9999.0,-9999.0,-9999.0,-9999.0,-9999.0,-9999.0,-9999.0,-9999.0,-9999.0,-9999.0,-9999.0,-9999.0,-9999.0
P21_HV1_1_interaction,active_and_state_lat_and_long_zero_last_source_row_continuous_segment,P21,HV1,1,on_ramp,P21_HV1_1,P21_HV1.1.asc,HV1,60,initiator_active,3061,1,51016.67,51016.6674,1.0,1.0,23.181667,83.454,196.0,18.341064,1241.296246,0.281842,1.023799,0.0,23.188767,-0.100198,0.0,1241.328877,-29.638756,6.270014,1.0,1.0,0.0,0.0,1191.445323,-33.688785,1021.0,5006.0,0.0,193.0,-0.097608,35.153068,126.551044,35.152859,0.121185,-0.000532,-0.4554,-0.814171,-0.004349,0.205984,0.0,0.0,1.0,0.0,0.0,0.0,-9999.0,-9999.0,-9999.0,-9999.0,-9999.0,-9999.0,-9999.0,-9999.0,-9999.0,-9999.0,-9999.0,-9999.0,-9999.0,-9999.0
P21_HV1_1_interaction,active_and_state_lat_and_long_zero_last_source_row_continuous_segment,P21,HV1,1,on_ramp,P21_HV1_1,P21_HV1.1.asc,HV1,60,initiator_active,3062,1,51033.33,51033.334,1.0,1.0,23.186433,83.471159,196.0,18.727529,1241.682663,0.283701,0.973224,0.0,23.193415,-0.097036,0.0,1241.715323,-29.645333,6.270602,1.0,0.0,0.0,0.0,1192.031148,-33.696617,1021.0,5006.0,0.0,193.0,-0.101908,35.145634,126.524284,35.145371,0.136165,-0.000611,-0.43901,-0.843665,-0.004948,0.202687,0.0,0.0,1.0,0.0,0.0,0.0,-9999.0,-9999.0,-9999.0,-9999.0,-9999.0,-9999.0,-9999.0,-9999.0,-9999.0,-9999.0,-9999.0,-9999.0,-9999.0,-9999.0
P21_HV1_1_interaction,active_and_state_lat_and_long_zero_last_source_row_continuous_segment,P21,HV1,1,on_ramp,P21_HV1_1,P21_HV1.1.asc,HV1,60,initiator_active,3063,1,51050.01,51050.0096,1.0,1.0,23.191087,83.487913,196.0,19.114072,1242.069156,0.275743,0.923266,0.0,23.197933,-0.093825,0.0,1242.10185,-29.651642,6.271154,1.0,0.0,0.0,0.0,1192.616846,-33.704666,1021.0,5006.0,0.0,193.0,-0.106452,35.138263,126.497746,35.137936,0.15145,-0.000694,-0.438724,-0.872691,-0.004847,0.198919,0.0,0.0,1.0,0.0,0.0,0.0,-9999.0,-9999.0,-9999.0,-9999.0,-9999.0,-9999.0,-9999.0,-9999.0,-9999.0,-9999.0,-9999.0,-9999.0,-9999.0,-9999.0
P21_HV1_1_interaction,active_and_state_lat_and_long_zero_last_source_row_continuous_segment,P21,HV1,1,on_ramp,P21_HV1_1,P21_HV1.1.asc,HV1,60,initiator_active,3064,1,51066.69,51066.6854,1.0,1.0,23.195753,83.504711,196.0,19.500693,1242.455724,0.22868,0.874858,0.0,23.202347,-0.090629,0.0,1242.488457,-29.657695,6.271671,1.0,0.0,0.0,0.0,1193.202419,-33.712941,1021.0,5006.0,0.0,193.0,-0.11125,35.130883,126.471178,35.130486,0.166906,-0.000768,-0.438749,-0.90386,-0.004167,0.195936,0.0,0.0,1.0,0.0,0.0,0.0,-9999.0,-9999.0,-9999.0,-9999.0,-9999.0,-9999.0,-9999.0,-9999.0,-9999.0,-9999.0,-9999.0,-9999.0,-9999.0,-9999.0
P21_HV1_1_interaction,active_and_state_lat_and_long_zero_last_source_row_continuous_segment,P21,HV1,1,on_ramp,P21_HV1_1,P21_HV1.1.asc,HV1,60,initiator_active,3065,1,51083.33,51083.3342,1.0,1.0,23.200208,83.520748,196.0,19.887389,1242.842365,0.205663,0.830491,0.0,23.205964,-0.08741,0.0,1242.875137,-29.663506,6.272154,1.0,0.0,0.0,0.0,1193.787865,-33.721453,1021.0,5006.0,0.0,193.0,-0.116312,35.123493,126.444576,35.12302,0.182371,-0.000828,-0.4388,-0.939684,-0.003123,0.194994,0.0,0.0,1.0,0.0,0.0,0.0,-9999.0,-9999.0,-9999.0,-9999.0,-9999.0,-9999.0,-9999.0,-9999.0,-9999.0,-9999.0,-9999.0,-9999.0,-9999.0,-9999.0
P21_HV1_1_interaction,active_and_state_lat_and_long_zero_last_source_row_continuous_segment,P21,HV1,1,on_ramp,P21_HV1_1,P21_HV1.1.asc,HV1,60,initiator_active,3066,1,51100.0,51100.0008,1.0,1.0,23.204231,83.535232,196.0,20.274157,1243.229074,0.175527,0.782355,0.0,23.209238,-0.084228,0.0,1243.261879,-29.669086,6.272603,1.0,0.0,0.0,0.0,1194.373185,-33.730212,1021.0,5006.0,0.0,193.0,-0.121646,35.116093,126.417934,35.115536,0.197703,-0.000868,-0.438881,-0.977497,-0.001913,0.194994,0.0,0.0,1.0,0.0,0.0,0.0,-9999.0,-9999.0,-9999.0,-9999.0,-9999.0,-9999.0,-9999.0,-9999.0,-9999.0,-9999.0,-9999.0,-9999.0,-9999.0,-9999.0
P21_HV1_1_interaction,active_and_state_lat_and_long_zero_last_source_row_continuous_segment,P21,HV1,1,on_ramp,P21_HV1_1,P21_HV1.1.asc,HV1,60,initiator_active,3067,1,51116.67,51116.6676,1.0,1.0,23.207659,83.547572,196.0,20.660984,1243.615839,0.150739,0.736335,0.0,23.212062,-0.08103,0.0,1243.648677,-29.674451,6.273018,1.0,0.0,0.0,0.0,1194.958378,-33.739229,1021.0,5006.0,0.0,193.0,-0.127265,35.10868,126.391249,35.108035,0.212824,-0.000887,-0.438961,-1.015025,-0.000709,0.195622,0.0,0.0,1.0,0.0,0.0,0.0,-9999.0,-9999.0,-9999.0,-9999.0,-9999.0,-9999.0,-9999.0,-9999.0,-9999.0,-9999.0,-9999.0,-9999.0,-9999.0,-9999.0
P21_HV1_1_interaction,active_and_state_lat_and_long_zero_last_source_row_continuous_segment,P21,HV1,1,on_ramp,P21_HV1_1,P21_HV1.1.asc,HV1,60,initiator_active,3068,1,51133.33,51133.334,1.0,1.0,23.210684,83.558462,196.0,21.047865,1244.002654,0.123948,0.684807,0.0,23.214376,-0.077885,0.0,1244.035522,-29.679611,6.273401,1.0,0.0,0.0,0.0,1195.543443,-33.748514,1021.0,5006.0,0.0,193.0,-0.133178,35.101163,126.364188,35.100425,0.227648,-0.000888,-0.455044,-1.056311,0.000415,0.197977,0.0,0.002198,1.0,0.0,0.0,0.0,-9999.0,-9999.0,-9999.0,-9999.0,-9999.0,-9999.0,-9999.0,-9999.0,-9999.0,-9999.0,-9999.0,-9999.0,-9999.0,-9999.0
P21_HV1_1_interaction,active_and_state_lat_and_long_zero_last_source_row_continuous_segment,P21,HV1,1,on_ramp,P21_HV1_1,P21_HV1.1.asc,HV1,60,initiator_active,3069,1,51150.0,51150.0,1.0,1.0,23.213303,83.567892,196.0,21.434792,1244.389513,0.100563,0.635557,0.0,23.21637,-0.074831,0.0,1244.422407,-29.68458,6.273751,1.0,0.0,0.0,0.0,1196.128378,-33.75808,1021.0,5006.0,0.0,193.0,-0.139397,35.093388,126.336195,35.092552,0.242131,-0.000872,-0.460457,-1.097151,0.001319,0.200018,0.0,0.0,1.0,0.0,0.0,0.0,-9999.0,-9999.0,-9999.0,-9999.0,-9999.0,-9999.0,-9999.0,-9999.0,-9999.0,-9999.0,-9999.0,-9999.0,-9999.0,-9999.0
P21_HV1_1_interaction,active_and_state_lat_and_long_zero_last_source_row_continuous_segment,P21,HV1,1,on_ramp,P21_HV1_1,P21_HV1.1.asc,HV1,60,initiator_active,3070,1,51166.67,51166.6668,1.0,1.0,23.215396,83.575425,196.0,21.821758,1244.776406,0.064532,0.58438,0.0,23.217787,-0.071786,0.0,1244.809325,-29.689374,6.274068,1.0,0.0,0.0,0.0,1196.71318,-33.767938,1021.0,5006.0,0.0,193.0,-0.145933,35.085826,126.308972,35.08489,0.256257,-0.000842,-0.440955,-1.135029,0.002061,0.20096,0.0,0.002198,1.0,0.0,0.0,0.0,-9999.0,-9999.0,-9999.0,-9999.0,-9999.0,-9999.0,-9999.0,-9999.0,-9999.0,-9999.0,-9999.0,-9999.0,-9999.0,-9999.0
P21_HV1_1_interaction,active_and_state_lat_and_long_zero_last_source_row_continuous_segment,P21,HV1,1,on_ramp,P21_HV1_1,P21_HV1.1.asc,HV1,60,initiator_active,3071,1,51183.33,51183.3342,1.0,1.0,23.217197,83.581908,196.0,22.208757,1245.163329,0.066546,0.540617,0.0,23.218886,-0.068843,0.0,1245.196266,-29.694004,6.274353,1.0,0.0,0.0,0.0,1197.29785,-33.778098,1021.0,5006.0,0.0,193.0,-0.152796,35.078094,126.281138,35.077054,0.270031,-0.000802,-0.460076,-1.17193,0.002635,0.201902,0.0,0.0,1.0,0.0,0.0,0.0,-9999.0,-9999.0,-9999.0,-9999.0,-9999.0,-9999.0,-9999.0,-9999.0,-9999.0,-9999.0,-9999.0,-9999.0,-9999.0,-9999.0
P21_HV1_1_interaction,active_and_state_lat_and_long_zero_last_source_row_continuous_segment,P21,HV1,1,on_ramp,P21_HV1_1,P21_HV1.1.asc,HV1,60,initiator_active,3072,1,51200.0,51200.0006,1.0,1.0,23.218314,83.585932,196.0,22.595779,1245.55027,0.066623,0.49359,0.0,23.22,-0.065921,0.0,1245.583228,-29.698484,6.274604,1.0,0.0,0.0,0.0,1197.882387,-33.788572,1021.0,5006.0,0.0,193.0,-0.159997,35.070507,126.253825,35.069362,0.283437,-0.000754,-0.44106,-1.206563,0.003083,0.202059,0.0,0.0,1.0,0.0,0.0,0.0,-9999.0,-9999.0,-9999.0,-9999.0,-9999.0,-9999.0,-9999.0,-9999.0,-9999.0,-9999.0,-9999.0,-9999.0,-9999.0,-9999.0
P21_HV1_1_interaction,active_and_state_lat_and_long_zero_last_source_row_continuous_segment,P21,HV1,1,on_ramp,P21_HV1_1,P21_HV1.1.asc,HV1,60,initiator_active,3073,1,51216.68,51216.6787,1.0,1.0,23.219432,83.589954,196.0,22.982822,1245.937229,0.068155,0.450545,0.0,23.221047,-0.062956,0.0,1245.970209,-29.702827,6.274824,1.0,0.0,0.0,0.0,1198.466791,-33.799371,1021.0,5006.0,0.0,193.0,-0.167545,35.063001,126.226804,35.061748,0.296467,-0.000699,-0.439979,-1.2399,0.003424,0.201902,0.0,0.0,1.0,0.0,0.0,0.0,-9999.0,-9999.0,-9999.0,-9999.0,-9999.0,-9999.0,-9999.0,-9999.0,-9999.0,-9999.0,-9999.0,-9999.0,-9999.0,-9999.0
P21_HV1_1_interaction,active_and_state_lat_and_long_zero_last_source_row_continuous_segment,P21,HV1,1,on_ramp,P21_HV1_1,P21_HV1.1.asc,HV1,60,initiator_active,3074,1,51233.35,51233.3513,1.0,1.0,23.220548,83.593974,196.0,23.369885,1246.324204,0.095813,0.411225,0.0,23.222239,-0.059993,0.0,1246.35721,-29.707045,6.275011,1.0,0.0,0.0,0.0,1199.051064,-33.810503,1021.0,5006.0,0.0,193.0,-0.175452,35.055489,126.199762,35.054127,0.309095,-0.00064,-0.439793,-1.272351,0.003635,0.201745,0.0,0.0,1.0,0.0,0.0,0.0,-9999.0,-9999.0,-9999.0,-9999.0,-9999.0,-9999.0,-9999.0,-9999.0,-9999.0,-9999.0,-9999.0,-9999.0,-9999.0,-9999.0
P21_HV1_1_interaction,active_and_state_lat_and_long_zero_last_source_row_continuous_segment,P21,HV1,1,on_ramp,P21_HV1_1,P21_HV1.1.asc,HV1,60,initiator_active,3075,1,51250.0,51250.0008,1.0,1.0,23.221609,83.597793,196.0,23.756969,-1246.711195,0.094405,0.368275,0.0,23.22387,-0.056966,0.0,1246.744233,-29.711151,6.275168,1.0,0.0,0.0,0.0,1199.635205,-33.82198,1021.0,5006.0,0.0,193.0,-0.183725,35.047967,126.172681,35.046494,0.321298,-0.000578,-0.43975,-1.303593,0.003736,0.20096,0.0,0.0,1.0,0.0,0.0,0.0,-9999.0,-9999.0,-9999.0,-9999.0,-9999.0,-9999.0,-9999.0,-9999.0,-9999.0,-9999.0,-9999.0,-9999.0,-9999.0,-9999.0
P21_HV1_1_interaction,active_and_state_lat_and_long_zero_last_source_row_continuous_segment,P21,HV1,1,on_ramp,P21_HV1_1,P21_HV1.1.asc,HV1,60,initiator_active,3076,1,51266.67,51266.6667,1.0,1.0,23.223033,83.602918,196.0,24.144077,-1247.098206,0.088369,0.335675,0.0,23.225415,-0.053902,0.0,1247.131284,-29.715154,6.275294,1.0,0.0,0.0,0.0,1200.219213,-33.833809,1021.0,5006.0,0.0,193.0,-0.192374,35.040433,126.145558,35.03885,0.333052,-0.000516,-0.439756,-1.334047,0.003723,0.20096,0.0,0.0,1.0,0.0,0.0,0.0,-9999.0,-9999.0,-9999.0,-9999.0,-9999.0,-9999.0,-9999.0,-9999.0,-9999.0,-9999.0,-9999.0,-9999.0,-9999.0,-9999.0
P21_HV1_1_interaction,active_and_state_lat_and_long_zero_last_source_row_continuous_segment,P21,HV1,1,on_ramp,P21_HV1_1,P21_HV1.1.asc,HV1,60,initiator_active,3077,1,51283.33,51283.3342,1.0,1.0,23.224653,83.60875,196.0,24.531214,-1247.485243,0.091983,0.297719,0.0,23.22687,-0.050742,0.0,1247.518362,-29.719065,6.275391,1.0,0.0,0.0,0.0,1200.803089,-33.846,1021.0,5006.0,0.0,193.0,-0.201407,35.032887,126.118392,35.031194,0.344356,-0.000454,-0.439733,-1.361672,0.003636,0.200175,0.0,0.0,1.0,0.0,0.0,0.0,-9999.0,-9999.0,-9999.0,-9999.0,-9999.0,-9999.0,-9999.0,-9999.0,-9999.0,-9999.0,-9999.0,-9999.0,-9999.0,-9999.0
P21_HV1_1_interaction,active_and_state_lat_and_long_zero_last_source_row_continuous_segment,P21,HV1,1,on_ramp,P21_HV1_1,P21_HV1.1.asc,HV1,60,initiator_active,3078,1,51300.0,51300.0001,1.0,1.0,23.226148,83.614134,196.0,24.91838,-1247.872303,0.092233,0.267418,0.0,23.228368,-0.047539,0.0,1247.905464,-29.722894,6.275462,1.0,0.0,0.0,0.0,1201.386832,-33.858562,1021.0,5006.0,0.0,193.0,-0.210833,35.025329,126.091183,35.023528,0.355172,-0.000395,-0.439752,-1.389887,0.003474,0.200175,0.0,0.0,1.0,0.0,0.0,0.0,-9999.0,-9999.0,-9999.0,-9999.0,-9999.0,-9999.0,-9999.0,-9999.0,-9999.0,-9999.0,-9999.0,-9999.0,-9999.0,-9999.0
P21_HV1_1_interaction,active_and_state_lat_and_long_zero_last_source_row_continuous_segment,P21,HV1,1,on_ramp,P21_HV1_1,P21_HV1.1.asc,HV1,60,initiator_active,3079,1,51316.67,51316.6667,1.0,1.0,23.227635,83.619486,196.0,25.305573,-1248.259388,0.099705,0.236495,0.0,23.229951,-0.04425,0.0,1248.292593,-29.72665,6.275507,1.0,0.0,0.0,0.0,1201.97044,-33.871502,1021.0,5006.0,0.0,193.0,-0.220658,35.017759,126.063933,35.015852,0.36549,-0.000339,-0.439752,-1.416195,0.003269,0.199861,0.0,0.0,1.0,0.0,0.0,0.0,-9999.0,-9999.0,-9999.0,-9999.0,-9999.0,-9999.0,-9999.0,-9999.0,-9999.0,-9999.0,-9999.0,-9999.0,-9999.0,-9999.0
P21_HV1_1_interaction,active_and_state_lat_and_long_zero_last_source_row_continuous_segment,P21,HV1,1,on_ramp,P21_HV1_1,P21_HV1.1.asc,HV1,60,initiator_active,3080,1,51333.34,51333.3378,1.0,1.0,23.229135,83.624886,196.0,25.692794,-1248.646496,0.10062,0.212536,0.0,23.231617,-0.040918,0.0,1248.679749,-29.73034,6.275529,1.0,0.0,0.0,0.0,1202.553913,-33.884828,1021.0,5006.0,0.0,193.0,-0.230891,35.010178,126.03664,35.008166,0.375292,-0.000287,-0.439766,-1.441953,0.003047,0.199861,0.0,0.0,1.0,0.0,0.0,0.0,-9999.0,-9999.0,-9999.0,-9999.0,-9999.0,-9999.0,-9999.0,-9999.0,-9999.0,-9999.0,-9999.0,-9999.0,-9999.0,-9999.0
P21_HV1_1_interaction,active_and_state_lat_and_long_zero_last_source_row_continuous_segment,P21,HV1,1,on_ramp,P21_HV1_1,P21_HV1.1.asc,HV1,60,initiator_active,3081,1,51350.0,51350.0009,1.0,1.0,23.230781,83.630813,196.0,26.080045,-1249.03363,0.096984,0.187169,0.0,23.233296,-0.037553,0.0,1249.066933,-29.733971,6.27553,1.0,0.0,0.0,0.0,1203.137251,-33.898549,1021.0,5006.0,0.0,193.0,-0.241539,35.002585,126.009308,35.000473,0.384573,-0.000238,-0.439776,-1.46643,0.002821,0.199861,0.0,0.0,1.0,0.0,0.0,0.0,-9999.0,-9999.0,-9999.0,-9999.0,-9999.0,-9999.0,-9999.0,-9999.0,-9999.0,-9999.0,-9999.0,-9999.0,-9999.0,-9999.0
P21_HV1_1_interaction,active_and_state_lat_and_long_zero_last_source_row_continuous_segment,P21,HV1,1,on_ramp,P21_HV1_1,P21_HV1.1.asc,HV1,60,initiator_active,3082,1,51366.67,51366.6668,1.0,1.0,23.232455,83.636839,196.0,26.467326,-1249.42079,0.095291,0.165862,0.0,23.234857,-0.034141,0.0,1249.454145,-29.737552,6.275514,1.0,1.0,0.0,0.0,1203.720453,-33.91267,1021.0,5006.0,0.0,193.0,-0.252609,34.994982,125.981936,34.992772,0.393331,-0.000194,-0.439781,-1.489632,0.0026,0.200175,0.0,0.0,1.0,0.0,0.0,0.0,-9999.0,-9999.0,-9999.0,-9999.0,-9999.0,-9999.0,-9999.0,-9999.0,-9999.0,-9999.0,-9999.0,-9999.0,-9999.0,-9999.0
P21_HV1_1_interaction,active_and_state_lat_and_long_zero_last_source_row_continuous_segment,P21,HV1,1,on_ramp,P21_HV1_1,P21_HV1.1.asc,HV1,60,initiator_active,3083,1,51383.33,51383.3339,1.0,1.0,23.234104,83.642774,196.0,26.854638,-1249.807978,0.101641,0.145278,0.0,23.236491,-0.030742,0.0,1249.841383,-29.741086,6.275482,1.0,1.0,0.0,0.0,1204.303519,-33.927199,1021.0,5006.0,0.0,193.0,-0.264106,34.987369,125.954527,34.985064,0.401568,-0.000152,-0.439782,-1.511513,0.002387,0.200018,0.0,0.0,1.0,0.0,0.0,0.0,-9999.0,-9999.0,-9999.0,-9999.0,-9999.0,-9999.0,-9999.0,-9999.0,-9999.0,-9999.0,-9999.0,-9999.0,-9999.0,-9999.0
P21_HV1_1_interaction,active_and_state_lat_and_long_zero_last_source_row_continuous_segment,P21,HV1,1,on_ramp,P21_HV1_1,P21_HV1.1.asc,HV1,60,initiator_active,3084,1,51400.0,51400.0007,1.0,1.0,23.235651,83.648345,196.0,27.241979,-1250.195191,0.096995,0.126033,0.0,23.238185,-0.027391,0.0,1250.22865,-29.74458,6.275438,1.0,1.0,0.0,0.0,1204.886447,-33.942143,1021.0,5006.0,0.0,193.0,-0.276037,34.979745,125.927083,34.977351,0.409287,-0.000115,-0.439778,-1.532102,0.002186,0.199861,0.0,0.0,1.0,0.0,0.0,0.0,-9999.0,-9999.0,-9999.0,-9999.0,-9999.0,-9999.0,-9999.0,-9999.0,-9999.0,-9999.0,-9999.0,-9999.0,-9999.0,-9999.0
P21_HV1_1_interaction,active_and_state_lat_and_long_zero_last_source_row_continuous_segment,P21,HV1,1,on_ramp,P21_HV1_1,P21_HV1.1.asc,HV1,60,initiator_active,3085,1,51416.67,51416.6707,1.0,1.0,23.237338,83.654418,196.0,27.62935,-1250.582431,0.106523,0.109528,0.0,23.239842,-0.024136,0.0,1250.615944,-29.748039,6.275385,1.0,1.0,0.0,0.0,1205.469237,-33.957507,1021.0,5006.0,0.0,193.0,-0.288408,34.972113,125.899606,34.969633,0.416495,-8e-05,-0.439769,-1.551415,0.001997,0.199861,0.0,0.0,1.0,0.0,0.0,0.0,-9999.0,-9999.0,-9999.0,-9999.0,-9999.0,-9999.0,-9999.0,-9999.0,-9999.0,-9999.0,-9999.0,-9999.0,-9999.0,-9999.0
P21_HV1_1_interaction,active_and_state_lat_and_long_zero_last_source_row_continuous_segment,P21,HV1,1,on_ramp,P21_HV1_1,P21_HV1.1.asc,HV1,60,initiator_active,3086,1,51433.33,51433.334,1.0,1.0,23.238993,83.660377,196.0,28.016753,-1250.969698,0.095285,0.095379,0.0,23.241588,-0.020976,0.0,1251.003268,-29.751467,6.275325,1.0,1.0,0.0,0.0,1206.051888,-33.973296,1021.0,5006.0,0.0,193.0,-0.301223,34.964472,125.872097,34.96191,0.423198,-4.9e-05,-0.439755,-1.569457,0.001822,0.199861,0.0,0.0,1.0,0.0,0.0,0.0,-9999.0,-9999.0,-9999.0,-9999.0,-9999.0,-9999.0,-9999.0,-9999.0,-9999.0,-9999.0,-9999.0,-9999.0,-9999.0,-9999.0
P21_HV1_1_interaction,active_and_state_lat_and_long_zero_last_source_row_continuous_segment,P21,HV1,1,on_ramp,P21_HV1_1,P21_HV1.1.asc,HV1,60,initiator_active,3087,1,51450.0,51450.0008,1.0,1.0,23.240731,83.666631,196.0,28.404185,-1251.356994,0.093133,0.08264,0.0,23.243178,-0.017948,0.0,1251.390619,-29.754867,6.27526,1.0,1.0,0.0,0.0,1206.634401,-33.989516,1021.0,5006.0,0.0,193.0,-0.314489,34.956822,125.84456,34.954185,0.429406,-2e-05,-0.439737,-1.586248,0.00166,0.199861,0.0,0.002198,1.0,0.0,0.0,0.0,-9999.0,-9999.0,-9999.0,-9999.0,-9999.0,-9999.0,-9999.0,-9999.0,-9999.0,-9999.0,-9999.0,-9999.0,-9999.0,-9999.0
P21_HV1_1_interaction,active_and_state_lat_and_long_zero_last_source_row_continuous_segment,P21,HV1,1,on_ramp,P21_HV1_1,P21_HV1.1.asc,HV1,60,initiator_active,3088,1,51466.67,51466.6675,1.0,1.0,23.242383,83.672578,196.0,28.79165,-1251.744317,0.089453,0.069139,0.0,23.244708,-0.015093,0.0,1251.777997,-29.758243,6.275194,1.0,1.0,0.0,0.0,1207.216773,-34.006172,1021.0,5006.0,0.0,193.0,-0.328208,34.948913,125.816086,34.946204,0.435132,6e-06,-0.459914,-1.601356,0.001488,0.199704,0.0,0.002198,1.0,0.0,0.0,0.0,-9999.0,-9999.0,-9999.0,-9999.0,-9999.0,-9999.0,-9999.0,-9999.0,-9999.0,-9999.0,-9999.0,-9999.0,-9999.0,-9999.0
P21_HV1_1_interaction,active_and_state_lat_and_long_zero_last_source_row_continuous_segment,P21,HV1,1,on_ramp,P21_HV1_1,P21_HV1.1.asc,HV1,60,initiator_active,3089,1,51483.33,51483.3337,1.0,1.0,23.243955,83.678237,196.0,29.179143,-1252.131666,0.080451,0.057675,0.0,23.246196,-0.012449,0.0,1252.165401,-29.761599,6.275128,1.0,1.0,0.0,0.0,1207.799001,-34.023269,1021.0,5006.0,0.0,193.0,-0.342385,34.940896,125.787226,34.938121,0.440394,2.9e-05,-0.461198,-1.614676,0.001299,0.199233,0.0,0.002198,1.0,0.0,0.0,0.0,-9999.0,-9999.0,-9999.0,-9999.0,-9999.0,-9999.0,-9999.0,-9999.0,-9999.0,-9999.0,-9999.0,-9999.0,-9999.0,-9999.0
P21_HV1_1_interaction,active_and_state_lat_and_long_zero_last_source_row_continuous_segment,P21,HV1,1,on_ramp,P21_HV1_1,P21_HV1.1.asc,HV1,60,initiator_active,3090,1,51500.0,51500.0009,1.0,1.0,23.245454,83.683634,196.0,29.566664,-1252.519039,0.000689,0.045568,0.0,23.246598,-0.010033,0.0,1252.552829,-29.764936,6.275063,1.0,1.0,0.0,0.0,1208.381082,-34.040809,1021.0,5006.0,0.0,193.0,-0.357024,34.932865,125.758313,34.930028,0.445201,4.9e-05,-0.461449,-1.627511,0.001105,0.199076,0.0,0.002198,1.0,0.0,0.0,0.0,-9999.0,-9999.0,-9999.0,-9999.0,-9999.0,-9999.0,-9999.0,-9999.0,-9999.0,-9999.0,-9999.0,-9999.0,-9999.0,-9999.0
P21_HV1_1_interaction,active_and_state_lat_and_long_zero_last_source_row_continuous_segment,P21,HV1,1,on_ramp,P21_HV1_1,P21_HV1.1.asc,HV1,60,initiator_active,3091,1,51516.67,51516.667,1.0,1.0,23.246867,83.68872,196.0,29.954212,-1252.906437,0.071995,0.034544,0.0,23.247114,-0.007895,0.0,1252.940258,-29.768259,6.275002,1.0,1.0,0.0,0.0,1208.963016,-34.058797,1021.0,5006.0,0.0,193.0,-0.372128,34.924825,125.729371,34.921932,0.449564,6.6e-05,-0.461483,-1.638527,0.000935,0.198605,0.0,0.0,1.0,0.0,0.0,0.0,-9999.0,-9999.0,-9999.0,-9999.0,-9999.0,-9999.0,-9999.0,-9999.0,-9999.0,-9999.0,-9999.0,-9999.0,-9999.0,-9999.0
P21_HV1_1_interaction,active_and_state_lat_and_long_zero_last_source_row_continuous_segment,P21,HV1,1,on_ramp,P21_HV1_1,P21_HV1.1.asc,HV1,60,initiator_active,3092,1,51533.35,51533.3524,1.0,1.0,23.246604,83.687776,196.0,30.341764,-1253.293836,0.080501,0.023169,0.0,23.248385,-0.006031,0.0,1253.327701,-29.77157,6.274944,1.0,1.0,0.0,0.0,1209.544802,-34.077236,1021.0,5006.0,0.0,193.0,-0.387699,34.917033,125.701319,34.914088,0.453493,8e-05,-0.441246,-1.649224,0.000828,0.198448,0.0,0.0,1.0,0.0,0.0,0.0,-9999.0,-9999.0,-9999.0,-9999.0,-9999.0,-9999.0,-9999.0,-9999.0,-9999.0,-9999.0,-9999.0,-9999.0,-9999.0,-9999.0
P21_HV1_1_interaction,active_and_state_lat_and_long_zero_last_source_row_continuous_segment,P21,HV1,1,on_ramp,P21_HV1_1,P21_HV1.1.asc,HV1,60,initiator_active,3093,1,51550.0,51550.0005,1.0,1.0,23.247714,83.691772,196.0,30.729331,-1253.681248,0.060108,0.014955,0.0,23.249663,-0.004438,0.0,1253.715165,-29.774873,6.274891,1.0,1.0,0.0,0.0,1210.126444,-34.096128,1021.0,5006.0,0.0,193.0,-0.403741,34.909337,125.673613,34.906346,0.457001,9.3e-05,-0.439854,-1.658405,0.000787,0.198134,0.0,0.0,1.0,0.0,0.0,0.0,-9999.0,-9999.0,-9999.0,-9999.0,-9999.0,-9999.0,-9999.0,-9999.0,-9999.0,-9999.0,-9999.0,-9999.0,-9999.0,-9999.0
P21_HV1_1_interaction,active_and_state_lat_and_long_zero_last_source_row_continuous_segment,P21,HV1,1,on_ramp,P21_HV1_1,P21_HV1.1.asc,HV1,60,initiator_active,3094,1,51566.67,51566.6673,1.0,1.0,23.249056,83.696602,196.0,31.116923,-1254.068682,0.05191,0.007047,0.0,23.250607,-0.003073,0.0,1254.10265,-29.778169,6.274842,1.0,1.0,0.0,0.0,1210.707941,-34.115478,1021.0,5006.0,0.0,193.0,-0.420255,34.901647,125.645929,34.898614,0.460108,0.000106,-0.43947,-1.665851,0.000794,0.197506,0.0,0.0,1.0,0.0,0.0,0.0,-9999.0,-9999.0,-9999.0,-9999.0,-9999.0,-9999.0,-9999.0,-9999.0,-9999.0,-9999.0,-9999.0,-9999.0,-9999.0,-9999.0
P21_HV1_1_interaction,active_and_state_lat_and_long_zero_last_source_row_continuous_segment,P21,HV1,1,on_ramp,P21_HV1_1,P21_HV1.1.asc,HV1,60,initiator_active,3095,1,51583.33,51583.3339,1.0,1.0,23.250164,83.700591,196.0,31.504536,-1254.456135,0.054913,-0.001613,0.0,23.251506,-0.001949,0.0,1254.49015,-29.781462,6.274797,1.0,1.0,0.0,0.0,1211.289295,-34.135286,1021.0,5006.0,0.0,193.0,-0.437245,34.893957,125.618245,34.890887,0.462826,0.00012,-0.439299,-1.673311,0.000812,0.197349,0.0,0.0,1.0,0.0,0.0,0.0,-9999.0,-9999.0,-9999.0,-9999.0,-9999.0,-9999.0,-9999.0,-9999.0,-9999.0,-9999.0,-9999.0,-9999.0,-9999.0,-9999.0
P21_HV1_1_interaction,active_and_state_lat_and_long_zero_last_source_row_continuous_segment,P21,HV1,1,on_ramp,P21_HV1_1,P21_HV1.1.asc,HV1,60,initiator_active,3096,1,51600.0,51600.0008,1.0,1.0,23.25104,83.703743,196.0,31.892166,-1254.843604,0.041208,-0.008748,0.0,23.252368,-0.001065,0.0,1254.877665,-29.784753,6.274756,1.0,1.0,0.0,0.0,1211.870505,-34.155556,1021.0,5006.0,0.0,193.0,-0.454711,34.886265,125.590555,34.883164,0.465158,0.000133,-0.439204,-1.680132,0.000813,0.197349,0.0,0.002198,1.0,0.0,0.0,0.0,-9999.0,-9999.0,-9999.0,-9999.0,-9999.0,-9999.0,-9999.0,-9999.0,-9999.0,-9999.0,-9999.0,-9999.0,-9999.0,-9999.0
P21_HV1_1_interaction,active_and_state_lat_and_long_zero_last_source_row_continuous_segment,P21,HV1,1,on_ramp,P21_HV1_1,P21_HV1.1.asc,HV1,60,initiator_active,3097,1,51616.67,51616.6674,1.0,1.0,23.251964,83.70707,196.0,32.279815,-1255.231088,0.051378,-0.013825,0.0,23.253095,-0.000372,0.0,1255.265193,-29.788045,6.274719,1.0,1.0,0.0,0.0,1212.451569,-34.176288,1021.0,5006.0,0.0,193.0,-0.472654,34.878319,125.561949,34.875191,0.46712,0.000147,-0.459346,-1.685888,0.000771,0.197506,0.0,0.002198,1.0,0.0,0.0,0.0,-9999.0,-9999.0,-9999.0,-9999.0,-9999.0,-9999.0,-9999.0,-9999.0,-9999.0,-9999.0,-9999.0,-9999.0,-9999.0,-9999.0
P21_HV1_1_interaction,active_and_state_lat_and_long_zero_last_source_row_continuous_segment,P21,HV1,1,on_ramp,P21_HV1_1,P21_HV1.1.asc,HV1,60,initiator_active,3098,1,51633.33,51633.3336,1.0,1.0,23.252712,83.709761,196.0,32.667477,-1255.618585,0.055001,-0.020695,0.0,23.253993,0.000156,0.0,1255.652734,-29.79134,6.274685,1.0,1.0,0.0,0.0,1213.032485,-34.197485,1021.0,5006.0,0.0,193.0,-0.491077,34.870271,125.532975,34.86712,0.468731,0.000159,-0.460607,-1.69081,0.000678,0.197506,0.0,0.0,1.0,0.0,0.0,0.0,-9999.0,-9999.0,-9999.0,-9999.0,-9999.0,-9999.0,-9999.0,-9999.0,-9999.0,-9999.0,-9999.0,-9999.0,-9999.0,-9999.0
P21_HV1_1_interaction,active_and_state_lat_and_long_zero_last_source_row_continuous_segment,P21,HV1,1,on_ramp,P21_HV1_1,P21_HV1.1.asc,HV1,60,initiator_active,3099,1,51650.0,51650.0006,1.0,1.0,23.253524,83.712685,196.0,33.055155,-1256.006096,0.037893,-0.026207,0.0,23.254853,0.00054,0.0,1256.04029,-29.794639,6.274654,1.0,1.0,0.0,0.0,1213.61325,-34.219147,1021.0,5006.0,0.0,193.0,-0.509979,34.862465,125.504874,34.859297,0.470012,0.000169,-0.440614,-1.694967,0.000573,0.197506,0.00525,0.002198,1.0,0.0,0.0,0.0,-9999.0,-9999.0,-9999.0,-9999.0,-9999.0,-9999.0,-9999.0,-9999.0,-9999.0,-9999.0,-9999.0,-9999.0,-9999.0,-9999.0
P21_HV1_1_interaction,active_and_state_lat_and_long_zero_last_source_row_continuous_segment,P21,HV1,1,on_ramp,P21_HV1_1,P21_HV1.1.asc,HV1,60,initiator_active,3100,1,51666.67,51666.6668,1.0,1.0,23.254452,83.716026,196.0,33.442849,-1256.393621,0.043669,-0.031599,0.0,23.255498,0.000786,0.0,1256.42786,-29.797944,6.274624,1.0,1.0,0.0,0.0,1214.193867,-34.241275,1021.0,5006.0,0.0,193.0,-0.529362,34.854504,125.476214,34.851322,0.470985,0.000177,-0.459522,-1.698097,0.000476,0.197349,0.0105,0.0,1.0,0.0,0.0,0.0,-9999.0,-9999.0,-9999.0,-9999.0,-9999.0,-9999.0,-9999.0,-9999.0,-9999.0,-9999.0,-9999.0,-9999.0,-9999.0,-9999.0
P21_HV1_1_interaction,active_and_state_lat_and_long_zero_last_source_row_continuous_segment,P21,HV1,1,on_ramp,P21_HV1_1,P21_HV1.1.asc,HV1,60,initiator_active,3101,1,51683.34,51683.3362,1.0,1.0,23.255169,83.718609,196.0,33.830558,-1256.78116,0.051986,-0.034724,0.0,23.256369,0.000944,0.0,1256.81544,-29.801257,6.274594,1.0,1.0,0.0,0.0,1214.774333,-34.263871,1021.0,5006.0,0.0,193.0,-0.549225,34.846703,125.448131,34.843511,0.471667,0.000185,-0.44029,-1.700684,0.000412,0.197349,0.0105,0.0,1.0,0.0,0.0,0.0,-9999.0,-9999.0,-9999.0,-9999.0,-9999.0,-9999.0,-9999.0,-9999.0,-9999.0,-9999.0,-9999.0,-9999.0,-9999.0,-9999.0
P21_HV1_1_interaction,active_and_state_lat_and_long_zero_last_source_row_continuous_segment,P21,HV1,1,on_ramp,P21_HV1_1,P21_HV1.1.asc,HV1,60,initiator_active,3102,1,51700.01,51700.0075,1.0,1.0,23.255862,83.721103,196.0,34.21828,-1257.16871,0.024796,-0.036835,0.0,23.257084,0.001018,0.0,1257.203036,-29.804579,6.274565,1.0,0.0,0.0,0.0,1215.35465,-34.286935,1021.0,5006.0,0.0,193.0,-0.56957,34.838997,125.420388,34.835798,0.47208,0.000191,-0.439085,-1.70246,0.000372,0.197349,0.024,0.0,1.0,0.0,0.0,0.0,-9999.0,-9999.0,-9999.0,-9999.0,-9999.0,-9999.0,-9999.0,-9999.0,-9999.0,-9999.0,-9999.0,-9999.0,-9999.0,-9999.0
P21_HV1_1_interaction,active_and_state_lat_and_long_zero_last_source_row_continuous_segment,P21,HV1,1,on_ramp,P21_HV1_1,P21_HV1.1.asc,HV1,60,initiator_active,3103,1,51716.67,51716.6668,1.0,1.0,23.256802,83.724488,196.0,34.606017,-1257.556276,0.031437,-0.041296,0.0,23.257478,0.001064,0.0,1257.590641,-29.807912,6.274536,1.0,0.0,0.0,0.0,1215.93482,-34.310467,1021.0,5006.0,0.0,193.0,-0.590396,34.831298,125.392673,34.828097,0.472244,0.000197,-0.43877,-1.703575,0.000361,0.197349,0.04775,0.0,1.0,0.0,0.0,0.0,-9999.0,-9999.0,-9999.0,-9999.0,-9999.0,-9999.0,-9999.0,-9999.0,-9999.0,-9999.0,-9999.0,-9999.0,-9999.0,-9999.0
P21_HV1_1_interaction,active_and_state_lat_and_long_zero_last_source_row_continuous_segment,P21,HV1,1,on_ramp,P21_HV1_1,P21_HV1.1.asc,HV1,60,initiator_active,3104,1,51733.33,51733.3335,1.0,1.0,23.257291,83.726247,196.0,34.993766,-1257.943851,0.047454,-0.045317,0.0,23.258058,0.001064,0.0,1257.978254,-29.811256,6.274505,1.0,0.0,0.0,0.0,1216.514842,-34.334468,1021.0,5006.0,0.0,193.0,-0.611703,34.823603,125.36497,34.820402,0.472176,0.000203,-0.438605,-1.704075,0.000354,0.197349,0.04775,0.0,1.0,0.0,0.0,0.0,-9999.0,-9999.0,-9999.0,-9999.0,-9999.0,-9999.0,-9999.0,-9999.0,-9999.0,-9999.0,-9999.0,-9999.0,-9999.0,-9999.0
P21_HV1_1_interaction,active_and_state_lat_and_long_zero_last_source_row_continuous_segment,P21,HV1,1,on_ramp,P21_HV1_1,P21_HV1.1.asc,HV1,60,initiator_active,3105,1,51750.0,51750.0006,1.0,1.0,23.25774,83.727866,196.0,35.381523,-1258.331434,0.035404,-0.047967,0.0,23.258805,0.001052,0.0,1258.365877,-29.814612,6.274473,1.0,0.0,0.0,0.0,1217.094717,-34.358937,1021.0,5006.0,0.0,193.0,-0.633491,34.81591,125.337275,34.812712,0.471895,0.000209,-0.438488,-1.704008,0.000338,0.197506,0.11625,0.0,1.0,0.0,0.0,0.0,-9999.0,-9999.0,-9999.0,-9999.0,-9999.0,-9999.0,-9999.0,-9999.0,-9999.0,-9999.0,-9999.0,-9999.0,-9999.0,-9999.0
P21_HV1_1_interaction,active_and_state_lat_and_long_zero_last_source_row_continuous_segment,P21,HV1,1,on_ramp,P21_HV1_1,P21_HV1.1.asc,HV1,60,initiator_active,3106,1,51766.67,51766.6675,1.0,1.0,23.258453,83.730431,196.0,35.76929,-1258.719028,0.028617,-0.053428,0.0,23.259385,0.001013,0.0,1258.753511,-29.817982,6.274438,1.0,0.0,0.0,0.0,1217.674442,-34.383875,1021.0,5006.0,0.0,193.0,-0.655759,34.808219,125.309588,34.805026,0.471418,0.000214,-0.438386,-1.703404,0.000309,0.197506,0.15125,0.0,1.0,0.0,0.0,0.0,-9999.0,-9999.0,-9999.0,-9999.0,-9999.0,-9999.0,-9999.0,-9999.0,-9999.0,-9999.0,-9999.0,-9999.0,-9999.0,-9999.0
P21_HV1_1_interaction,active_and_state_lat_and_long_zero_last_source_row_continuous_segment,P21,HV1,1,on_ramp,P21_HV1_1,P21_HV1.1.asc,HV1,60,initiator_active,3107,1,51783.33,51783.3338,1.0,1.0,23.2591,83.732761,196.0,36.157071,-1259.106633,0.026952,-0.055827,0.0,23.259856,0.00098,0.0,1259.141155,-29.821367,6.274401,1.0,0.0,0.0,0.0,1218.254019,-34.40928,1021.0,5006.0,0.0,193.0,-0.678506,34.80053,125.281909,34.797346,0.470764,0.000219,-0.438286,-1.702314,0.000268,0.197506,0.15125,0.0,1.0,0.0,0.0,0.0,-9999.0,-9999.0,-9999.0,-9999.0,-9999.0,-9999.0,-9999.0,-9999.0,-9999.0,-9999.0,-9999.0,-9999.0,-9999.0,-9999.0
P21_HV1_1_interaction,active_and_state_lat_and_long_zero_last_source_row_continuous_segment,P21,HV1,1,on_ramp,P21_HV1_1,P21_HV1.1.asc,HV1,60,initiator_active,3108,1,51800.0,51800.0009,1.0,1.0,23.259623,83.734643,196.0,36.544861,-1259.494248,-0.026938,-0.05668,0.0,23.260296,0.001003,0.0,1259.528806,-29.824768,6.274361,1.0,0.0,0.0,0.0,1218.833448,-34.435154,1021.0,5006.0,0.0,193.0,-0.701732,34.792844,125.254238,34.78967,0.469948,0.000223,-0.438187,-1.700783,0.000219,0.197506,0.1775,0.0,1.0,0.0,0.0,0.0,-9999.0,-9999.0,-9999.0,-9999.0,-9999.0,-9999.0,-9999.0,-9999.0,-9999.0,-9999.0,-9999.0,-9999.0,-9999.0,-9999.0
P21_HV1_1_interaction,active_and_state_lat_and_long_zero_last_source_row_continuous_segment,P21,HV1,1,on_ramp,P21_HV1_1,P21_HV1.1.asc,HV1,60,initiator_active,3109,1,51816.67,51816.667,1.0,1.0,23.26008,83.736289,196.0,36.932659,-1259.881871,-0.01294,-0.057981,0.0,23.259549,0.001042,0.0,1259.916461,-29.828184,6.274317,1.0,0.0,0.0,0.0,1219.412726,-34.461494,1021.0,5006.0,0.0,193.0,-0.725436,34.785205,125.226739,34.782044,0.468986,0.000226,-0.432929,-1.698854,0.000209,0.197506,0.18925,0.0,1.0,0.0,0.0,0.0,-9999.0,-9999.0,-9999.0,-9999.0,-9999.0,-9999.0,-9999.0,-9999.0,-9999.0,-9999.0,-9999.0,-9999.0,-9999.0,-9999.0
P21_HV1_1_interaction,active_and_state_lat_and_long_zero_last_source_row_continuous_segment,P21,HV1,1,on_ramp,P21_HV1_1,P21_HV1.1.asc,HV1,60,initiator_active,3110,1,51833.33,51833.3342,1.0,1.0,23.260071,83.736256,196.0,37.320462,-1260.269498,0.045207,-0.056544,0.0,23.259764,0.00115,0.0,1260.304104,-29.831617,6.274271,1.0,0.0,0.0,0.0,1219.991857,-34.488301,1021.0,5006.0,0.0,193.0,-0.749616,34.777694,125.199697,34.774546,0.467895,0.00023,-0.424273,-1.696584,0.00026,0.197506,0.18925,0.0,1.0,0.0,0.0,0.0,-9999.0,-9999.0,-9999.0,-9999.0,-9999.0,-9999.0,-9999.0,-9999.0,-9999.0,-9999.0,-9999.0,-9999.0,-9999.0,-9999.0
P21_HV1_1_interaction,active_and_state_lat_and_long_zero_last_source_row_continuous_segment,P21,HV1,1,on_ramp,P21_HV1_1,P21_HV1.1.asc,HV1,60,initiator_active,3111,1,51850.0,51850.002,1.0,1.0,23.259441,83.733987,196.0,37.708251,-1260.657114,0.032492,-0.056377,0.0,23.260448,0.001344,0.0,1260.691754,-29.835067,6.274223,1.0,0.0,0.0,0.0,1220.57084,-34.515573,1021.0,5006.0,0.0,193.0,-0.774272,34.770296,125.173067,34.767164,0.466689,0.000235,-0.419571,-1.69402,0.000339,0.197506,0.19275,0.0,1.0,0.0,0.0,0.0,-9999.0,-9999.0,-9999.0,-9999.0,-9999.0,-9999.0,-9999.0,-9999.0,-9999.0,-9999.0,-9999.0,-9999.0,-9999.0,-9999.0
P21_HV1_1_interaction,active_and_state_lat_and_long_zero_last_source_row_continuous_segment,P21,HV1,1,on_ramp,P21_HV1_1,P21_HV1.1.asc,HV1,60,initiator_active,3112,1,51866.67,51866.6722,1.0,1.0,23.26014,83.736505,196.0,38.096049,-1261.044738,0.030759,-0.054914,0.0,23.260978,0.00159,0.0,1261.079415,-29.838533,6.274172,1.0,0.0,0.0,0.0,1221.149677,-34.54331,1021.0,5006.0,0.0,193.0,-0.799402,34.763061,125.14702,34.759946,0.46538,0.000243,-0.404556,-1.691206,0.00051,0.197663,0.1935,0.0,1.0,0.0,0.0,0.0,-9999.0,-9999.0,-9999.0,-9999.0,-9999.0,-9999.0,-9999.0,-9999.0,-9999.0,-9999.0,-9999.0,-9999.0,-9999.0,-9999.0
P21_HV1_1_interaction,active_and_state_lat_and_long_zero_last_source_row_continuous_segment,P21,HV1,1,on_ramp,P21_HV1_1,P21_HV1.1.asc,HV1,60,initiator_active,3113,1,51883.34,51883.3391,1.0,1.0,23.260718,83.738586,196.0,38.483858,-1261.432372,0.026096,-0.052384,0.0,23.261467,0.001895,0.0,1261.467085,-29.842015,6.27412,1.0,0.0,0.0,0.0,1221.728371,-34.571511,1021.0,5006.0,0.0,193.0,-0.825006,34.756252,125.122507,34.753155,0.463981,0.000255,-0.371745,-1.68845,0.000862,0.198448,0.1935,0.0,1.0,0.0,0.0,0.0,-9999.0,-9999.0,-9999.0,-9999.0,-9999.0,-9999.0,-9999.0,-9999.0,-9999.0,-9999.0,-9999.0,-9999.0,-9999.0,-9999.0
P21_HV1_1_interaction,active_and_state_lat_and_long_zero_last_source_row_continuous_segment,P21,HV1,1,on_ramp,P21_HV1_1,P21_HV1.1.asc,HV1,60,initiator_active,3114,1,51900.0,51900.0008,1.0,1.0,23.261234,83.740443,196.0,38.871674,-1261.820015,0.029072,-0.051765,0.0,23.261901,0.002243,0.0,1261.854762,-29.845511,6.274068,1.0,0.0,0.0,0.0,1222.306929,-34.600176,1021.0,5006.0,0.0,193.0,-0.851082,34.74995,125.09982,34.746872,0.462485,0.000274,-0.340706,-1.688418,0.001428,0.199861,0.19375,0.0,1.0,0.0,0.0,0.0,-9999.0,-9999.0,-9999.0,-9999.0,-9999.0,-9999.0,-9999.0,-9999.0,-9999.0,-9999.0,-9999.0,-9999.0,-9999.0,-9999.0
P21_HV1_1_interaction,active_and_state_lat_and_long_zero_last_source_row_continuous_segment,P21,HV1,1,on_ramp,P21_HV1_1,P21_HV1.1.asc,HV1,60,initiator_active,3115,1,51916.68,51916.6762,1.0,1.0,23.261684,83.742063,196.0,39.259498,-1262.207667,0.031727,-0.050037,0.0,23.262404,0.002592,0.0,1262.242446,-29.849022,6.274016,1.0,0.0,0.0,0.0,1222.885359,-34.629303,1021.0,5006.0,0.0,193.0,-0.87763,34.74464,125.080704,34.741583,0.460906,0.000301,-0.265716,-1.685246,0.001823,0.199861,0.19375,0.0,1.0,0.0,0.0,0.0,-9999.0,-9999.0,-9999.0,-9999.0,-9999.0,-9999.0,-9999.0,-9999.0,-9999.0,-9999.0,-9999.0,-9999.0,-9999.0,-9999.0
P21_HV1_1_interaction,active_and_state_lat_and_long_zero_last_source_row_continuous_segment,P21,HV1,1,on_ramp,P21_HV1_1,P21_HV1.1.asc,HV1,60,initiator_active,3116,1,51933.33,51933.3334,1.0,1.0,23.262143,83.743715,196.0,39.647329,-1262.595326,-0.019313,-0.046201,0.0,23.262956,0.00296,0.0,1262.630139,-29.852548,6.273965,1.0,0.0,0.0,0.0,1223.463676,-34.658894,1021.0,5006.0,0.0,193.0,-0.904649,34.740574,125.066068,34.737539,0.459214,0.000335,-0.192601,-1.69029,0.002146,0.203629,0.20925,0.0,1.0,0.0,0.0,0.0,-9999.0,-9999.0,-9999.0,-9999.0,-9999.0,-9999.0,-9999.0,-9999.0,-9999.0,-9999.0,-9999.0,-9999.0,-9999.0,-9999.0
P21_HV1_1_interaction,active_and_state_lat_and_long_zero_last_source_row_continuous_segment,P21,HV1,1,on_ramp,P21_HV1_1,P21_HV1.1.asc,HV1,60,initiator_active,3117,1,51950.0,51950.0008,1.0,1.0,23.262668,83.745605,196.0,40.035166,-1262.982994,0.024865,-0.045419,0.0,23.26276,0.003345,0.0,1263.017838,-29.856086,6.273915,1.0,0.0,0.0,0.0,1224.0419,-34.68895,1021.0,5006.0,0.0,193.0,-0.93214,34.737399,125.054638,34.734387,0.457453,0.000372,-0.156622,-1.692262,0.002224,0.205984,0.22825,0.0,1.0,0.0,0.0,0.0,-9999.0,-9999.0,-9999.0,-9999.0,-9999.0,-9999.0,-9999.0,-9999.0,-9999.0,-9999.0,-9999.0,-9999.0,-9999.0,-9999.0
P21_HV1_1_interaction,active_and_state_lat_and_long_zero_last_source_row_continuous_segment,P21,HV1,1,on_ramp,P21_HV1_1,P21_HV1.1.asc,HV1,60,initiator_active,3118,1,51966.67,51966.6667,1.0,1.0,23.262795,83.746061,196.0,40.423011,-1263.370668,0.035602,-0.042011,0.0,23.263215,0.003672,0.0,1263.405536,-29.859637,6.273868,1.0,0.0,0.0,0.0,1224.620045,-34.719472,1021.0,5006.0,0.0,193.0,-0.960104,34.73479,125.045242,34.7318,0.455683,0.000409,-0.117854,-1.689305,0.00218,0.205984,0.22825,0.0,1.0,0.0,0.0,0.0,-9999.0,-9999.0,-9999.0,-9999.0,-9999.0,-9999.0,-9999.0,-9999.0,-9999.0,-9999.0,-9999.0,-9999.0,-9999.0,-9999.0
P21_HV1_1_interaction,active_and_state_lat_and_long_zero_last_source_row_continuous_segment,P21,HV1,1,on_ramp,P21_HV1_1,P21_HV1.1.asc,HV1,60,initiator_active,3119,1,51983.33,51983.3341,1.0,1.0,23.262967,83.746681,196.0,40.810851,-1263.758341,0.031354,-0.042521,0.0,23.263812,0.003988,0.0,1263.793242,-29.8632,6.273824,1.0,0.0,0.0,0.0,1225.198121,-34.750459,1021.0,5006.0,0.0,193.0,-0.988541,34.732792,125.038051,34.729827,0.453799,0.000444,-0.085415,-1.703848,0.002087,0.213834,0.24925,0.0,1.0,0.0,0.0,0.0,-9999.0,-9999.0,-9999.0,-9999.0,-9999.0,-9999.0,-9999.0,-9999.0,-9999.0,-9999.0,-9999.0,-9999.0,-9999.0,-9999.0
P21_HV1_1_interaction,active_and_state_lat_and_long_zero_last_source_row_continuous_segment,P21,HV1,1,on_ramp,P21_HV1_1,P21_HV1.1.asc,HV1,60,initiator_active,3120,1,52000.0,52000.0006,1.0,1.0,23.263511,83.748641,196.0,41.1987,-1264.146024,0.03544,-0.040846,0.0,23.264335,0.004254,0.0,1264.180958,-29.866774,6.273783,1.0,0.0,0.0,0.0,1225.776137,-34.781915,1021.0,5006.0,0.0,193.0,-1.017453,34.731169,125.032207,34.728229,0.451859,0.000478,-0.069646,-1.716408,0.001968,0.220742,0.26775,0.002198,1.0,0.0,0.0,0.0,-9999.0,-9999.0,-9999.0,-9999.0,-9999.0,-9999.0,-9999.0,-9999.0,-9999.0,-9999.0,-9999.0,-9999.0,-9999.0,-9999.0
P21_HV1_1_interaction,active_and_state_lat_and_long_zero_last_source_row_continuous_segment,P21,HV1,1,on_ramp,P21_HV1_1,P21_HV1.1.asc,HV1,60,initiator_active,3121,1,52016.67,52016.6672,1.0,1.0,23.264074,83.750665,131.0,0.05316,-1264.533716,0.034749,-0.036183,0.0,23.264942,0.004452,0.0,1264.568683,-29.870359,6.273746,1.0,0.0,0.0,0.0,1226.354098,-34.81384,1021.0,5006.0,0.0,193.0,-1.04684,34.729476,125.026114,34.726562,0.449911,0.000509,-0.081618,-1.725342,0.001835,0.225923,0.28125,0.0,1.0,0.0,0.0,0.0,-9999.0,-9999.0,-9999.0,-9999.0,-9999.0,-9999.0,-9999.0,-9999.0,-9999.0,-9999.0,-9999.0,-9999.0,-9999.0,-9999.0
P21_HV1_1_interaction,active_and_state_lat_and_long_zero_last_source_row_continuous_segment,P21,HV1,1,on_ramp,P21_HV1_1,P21_HV1.1.asc,HV1,60,initiator_active,3122,1,52033.33,52033.3334,1.0,1.0,23.26463,83.752669,131.0,0.443264,-1264.921417,0.030075,-0.034456,0.0,23.26548,0.004603,0.0,1264.956418,-29.873954,6.273712,1.0,1.0,0.0,0.0,1226.932006,-34.846237,1021.0,5006.0,0.0,193.0,-1.076705,34.728015,125.020853,34.725124,0.448028,0.000537,-0.059914,-1.738235,0.001612,0.232674,0.2915,0.0,1.0,0.0,0.0,0.0,-9999.0,-9999.0,-9999.0,-9999.0,-9999.0,-9999.0,-9999.0,-9999.0,-9999.0,-9999.0,-9999.0,-9999.0,-9999.0,-9999.0
P21_HV1_1_interaction,active_and_state_lat_and_long_zero_last_source_row_continuous_segment,P21,HV1,1,on_ramp,P21_HV1_1,P21_HV1.1.asc,HV1,60,initiator_active,3123,1,52050.01,52050.0066,1.0,1.0,23.265232,83.754835,131.0,0.833323,-1265.309129,0.033692,-0.033569,0.0,23.265947,0.004693,0.0,1265.344161,-29.877558,6.273683,1.0,1.0,0.0,0.0,1227.509862,-34.879109,1021.0,5006.0,0.0,193.0,-1.10705,34.72666,125.015977,34.723793,0.446258,0.000561,-0.058716,-1.749313,0.001289,0.238483,0.29975,0.0,1.0,0.0,0.0,0.0,-9999.0,-9999.0,-9999.0,-9999.0,-9999.0,-9999.0,-9999.0,-9999.0,-9999.0,-9999.0,-9999.0,-9999.0,-9999.0,-9999.0
P21_HV1_1_interaction,active_and_state_lat_and_long_zero_last_source_row_continuous_segment,P21,HV1,1,on_ramp,P21_HV1_1,P21_HV1.1.asc,HV1,60,initiator_active,3124,1,52066.67,52066.6675,1.0,1.0,23.26573,83.756629,131.0,1.223333,-1265.696849,0.044626,-0.029616,0.0,23.266568,0.004711,0.0,1265.731912,-29.881172,6.273658,1.0,1.0,0.0,0.0,1228.087668,-34.912457,1021.0,5006.0,0.0,193.0,-1.137876,34.725301,125.011084,34.722453,0.444721,0.000579,-0.059592,-1.753902,0.000947,0.241152,0.30625,0.0,1.0,0.0,0.0,0.0,-9999.0,-9999.0,-9999.0,-9999.0,-9999.0,-9999.0,-9999.0,-9999.0,-9999.0,-9999.0,-9999.0,-9999.0,-9999.0,-9999.0
P21_HV1_1_interaction,active_and_state_lat_and_long_zero_last_source_row_continuous_segment,P21,HV1,1,on_ramp,P21_HV1_1,P21_HV1.1.asc,HV1,60,initiator_active,3125,1,52083.35,52083.3543,1.0,1.0,23.266228,83.758421,131.0,1.613294,-1266.084578,0.035493,-0.02917,0.0,23.267301,0.004701,0.0,1266.119675,-29.884794,6.273637,1.0,1.0,0.0,0.0,1228.665424,-34.946283,1021.0,5006.0,0.0,193.0,-1.169185,34.723924,125.006128,34.721092,0.443531,0.000591,-0.059904,-1.754212,0.000608,0.241623,0.30625,0.0,1.0,0.0,0.0,0.0,-9999.0,-9999.0,-9999.0,-9999.0,-9999.0,-9999.0,-9999.0,-9999.0,-9999.0,-9999.0,-9999.0,-9999.0,-9999.0,-9999.0
P21_HV1_1_interaction,active_and_state_lat_and_long_zero_last_source_row_continuous_segment,P21,HV1,1,on_ramp,P21_HV1_1,P21_HV1.1.asc,HV1,60,initiator_active,3126,1,52100.0,52100.0001,1.0,1.0,23.26694,83.760985,131.0,2.003211,-1266.472318,0.034641,-0.026017,0.0,23.267877,0.004628,0.0,1266.507448,-29.888424,6.273619,1.0,1.0,0.0,0.0,1229.243128,-34.980589,1021.0,5006.0,0.0,193.0,-1.200977,34.722678,125.001639,34.719855,0.442737,0.000598,-0.046241,-1.75151,0.000277,0.239425,0.31325,0.0,1.0,0.0,0.0,0.0,-9999.0,-9999.0,-9999.0,-9999.0,-9999.0,-9999.0,-9999.0,-9999.0,-9999.0,-9999.0,-9999.0,-9999.0,-9999.0,-9999.0
P21_HV1_1_interaction,active_and_state_lat_and_long_zero_last_source_row_continuous_segment,P21,HV1,1,on_ramp,P21_HV1_1,P21_HV1.1.asc,HV1,60,initiator_active,3127,1,52116.67,52116.6686,1.0,1.0,23.267597,83.763349,131.0,2.393082,-1266.860069,0.044304,-0.020858,0.0,23.268456,0.004521,0.0,1266.895232,-29.892061,6.273606,1.0,1.0,0.0,0.0,1229.820783,-35.015374,1021.0,5006.0,0.0,193.0,-1.233253,34.721786,124.99843,34.718968,0.442359,0.000599,-0.019859,-1.744677,-2e-05,0.235971,0.31575,0.0,1.0,0.0,0.0,0.0,-9999.0,-9999.0,-9999.0,-9999.0,-9999.0,-9999.0,-9999.0,-9999.0,-9999.0,-9999.0,-9999.0,-9999.0,-9999.0,-9999.0
P21_HV1_1_interaction,active_and_state_lat_and_long_zero_last_source_row_continuous_segment,P21,HV1,1,on_ramp,P21_HV1_1,P21_HV1.1.asc,HV1,60,initiator_active,3128,1,52133.33,52133.334,1.0,1.0,23.268166,83.765396,131.0,2.782906,-1267.24783,0.035176,-0.01695,0.0,23.269168,0.004419,0.0,1267.283025,-29.895704,6.273596,1.0,1.0,0.0,0.0,1230.398395,-35.050638,1021.0,5006.0,0.0,193.0,-1.266012,34.721281,124.996612,34.718463,0.442386,0.000597,0.002274,-1.736183,-0.00024,0.231418,0.317,0.0,1.0,0.0,0.0,0.0,-9999.0,-9999.0,-9999.0,-9999.0,-9999.0,-9999.0,-9999.0,-9999.0,-9999.0,-9999.0,-9999.0,-9999.0,-9999.0,-9999.0
P21_HV1_1_interaction,active_and_state_lat_and_long_zero_last_source_row_continuous_segment,P21,HV1,1,on_ramp,P21_HV1_1,P21_HV1.1.asc,HV1,60,initiator_active,3129,1,52150.0,52150.0008,1.0,1.0,23.268825,83.76777,131.0,3.172684,-1267.635602,0.033494,-0.012535,0.0,23.269743,0.004273,0.0,1267.67083,-29.899351,6.273591,1.0,1.0,0.0,0.0,1230.975968,-35.086381,1021.0,5006.0,0.0,193.0,-1.299253,34.721228,124.99642,34.718405,0.442745,0.000592,0.027376,-1.729451,-0.000348,0.227336,0.31725,0.0,1.0,0.0,0.0,0.0,-9999.0,-9999.0,-9999.0,-9999.0,-9999.0,-9999.0,-9999.0,-9999.0,-9999.0,-9999.0,-9999.0,-9999.0,-9999.0,-9999.0
P21_HV1_1_interaction,active_and_state_lat_and_long_zero_last_source_row_continuous_segment,P21,HV1,1,on_ramp,P21_HV1_1,P21_HV1.1.asc,HV1,60,initiator_active,3130,1,52166.67,52166.6668,1.0,1.0,23.269461,83.77006,131.0,3.562417,-1268.023385,0.034419,-0.008808,0.0,23.270347,0.004122,0.0,1268.058644,-29.903002,6.27359,1.0,1.0,0.0,0.0,1231.55351,-35.122603,1021.0,5006.0,0.0,193.0,-1.332975,34.721577,124.997676,34.718747,0.44331,0.000586,0.054539,-1.728116,-0.000367,0.225452,0.31775,0.0,1.0,0.0,0.0,0.0,-9999.0,-9999.0,-9999.0,-9999.0,-9999.0,-9999.0,-9999.0,-9999.0,-9999.0,-9999.0,-9999.0,-9999.0,-9999.0,-9999.0
P21_HV1_1_interaction,active_and_state_lat_and_long_zero_last_source_row_continuous_segment,P21,HV1,1,on_ramp,P21_HV1_1,P21_HV1.1.asc,HV1,60,initiator_active,3131,1,52183.33,52183.334,1.0,1.0,23.270022,83.772078,131.0,3.952102,-1268.411177,0.032689,-0.003644,0.0,23.270899,0.003956,0.0,1268.446468,-29.906655,6.273592,1.0,1.0,0.0,0.0,1232.131028,-35.159303,1021.0,5006.0,0.0,193.0,-1.367178,34.722397,125.000629,34.719558,0.443975,0.00058,0.082308,-1.728173,-0.000323,0.224039,0.31775,0.0,1.0,0.0,0.0,0.0,-9999.0,-9999.0,-9999.0,-9999.0,-9999.0,-9999.0,-9999.0,-9999.0,-9999.0,-9999.0,-9999.0,-9999.0,-9999.0,-9999.0
P21_HV1_1_interaction,active_and_state_lat_and_long_zero_last_source_row_continuous_segment,P21,HV1,1,on_ramp,P21_HV1_1,P21_HV1.1.asc,HV1,60,initiator_active,3132,1,52200.0,52200.0008,1.0,1.0,23.270634,83.774281,131.0,4.341742,-1268.79898,0.03564,0.00229,0.0,23.271445,0.003749,0.0,1268.834302,-29.910309,6.273598,1.0,1.0,0.0,0.0,1232.708528,-35.196483,1021.0,5006.0,0.0,193.0,-1.401862,34.723639,125.005099,34.720791,0.444689,0.000576,0.105742,-1.729072,-0.000233,0.22294,0.3245,0.0,1.0,0.0,0.0,0.0,-9999.0,-9999.0,-9999.0,-9999.0,-9999.0,-9999.0,-9999.0,-9999.0,-9999.0,-9999.0,-9999.0,-9999.0,-9999.0,-9999.0
P21_HV1_1_interaction,active_and_state_lat_and_long_zero_last_source_row_continuous_segment,P21,HV1,1,on_ramp,P21_HV1_1,P21_HV1.1.asc,HV1,60,initiator_active,3133,1,52217.07,52217.0664,1.0,1.0,23.271171,83.776216,131.0,4.731334,-1269.186792,0.037564,0.00758,0.0,23.272054,0.003544,0.0,1269.222145,-29.913963,6.273609,1.0,1.0,0.0,0.0,1233.286017,-35.234142,1021.0,5006.0,0.0,193.0,-1.437029,34.725225,125.010811,34.722369,0.445406,0.000573,0.124768,-1.732095,-0.000132,0.222783,0.332,0.0,1.0,0.0,0.0,0.0,-9999.0,-9999.0,-9999.0,-9999.0,-9999.0,-9999.0,-9999.0,-9999.0,-9999.0,-9999.0,-9999.0,-9999.0,-9999.0,-9999.0
P21_HV1_1_interaction,active_and_state_lat_and_long_zero_last_source_row_continuous_segment,P21,HV1,1,on_ramp,P21_HV1_1,P21_HV1.1.asc,HV1,60,initiator_active,3134,1,52233.34,52233.3377,1.0,1.0,23.271742,83.778272,131.0,5.120879,-1269.574613,0.028682,0.008685,0.0,23.272678,0.003345,0.0,1269.609998,-29.917614,6.273624,1.0,1.0,0.0,0.0,1233.8635,-35.272284,1021.0,5006.0,0.0,193.0,-1.472678,34.72709,125.017524,34.724225,0.446098,0.000571,0.140058,-1.733719,-5.7e-05,0.221998,0.33675,0.0,1.0,0.0,0.0,0.0,-9999.0,-9999.0,-9999.0,-9999.0,-9999.0,-9999.0,-9999.0,-9999.0,-9999.0,-9999.0,-9999.0,-9999.0,-9999.0,-9999.0
P21_HV1_1_interaction,active_and_state_lat_and_long_zero_last_source_row_continuous_segment,P21,HV1,1,on_ramp,P21_HV1_1,P21_HV1.1.asc,HV1,60,initiator_active,3135,1,52250.0,52250.0013,1.0,1.0,23.272367,83.780523,131.0,5.510379,-1269.962444,0.027493,0.014512,0.0,23.273107,0.003092,0.0,1269.99786,-29.921263,6.273643,1.0,1.0,0.0,0.0,1234.440982,-35.310908,1021.0,5006.0,0.0,193.0,-1.508811,34.729131,125.024872,34.726257,0.446785,0.000571,0.146955,-1.731795,-2.8e-05,0.219643,0.339,0.0,1.0,0.0,0.0,0.0,-9999.0,-9999.0,-9999.0,-9999.0,-9999.0,-9999.0,-9999.0,-9999.0,-9999.0,-9999.0,-9999.0,-9999.0,-9999.0,-9999.0
P21_HV1_1_interaction,active_and_state_lat_and_long_zero_last_source_row_continuous_segment,P21,HV1,1,on_ramp,P21_HV1_1,P21_HV1.1.asc,HV1,60,initiator_active,3136,1,52266.67,52266.6675,1.0,1.0,23.272917,83.782503,131.0,5.899832,-1270.350285,0.08333,0.016008,0.0,23.274183,0.002814,0.0,1270.38573,-29.924908,6.273665,1.0,1.0,0.0,0.0,1235.018465,-35.350015,1021.0,5006.0,0.0,193.0,-1.545428,34.73129,125.032645,34.728407,0.447488,0.00057,0.155648,-1.725981,-6e-05,0.215561,0.339,0.0,1.0,0.0,0.0,0.0,-9999.0,-9999.0,-9999.0,-9999.0,-9999.0,-9999.0,-9999.0,-9999.0,-9999.0,-9999.0,-9999.0,-9999.0,-9999.0,-9999.0
P21_HV1_1_interaction,active_and_state_lat_and_long_zero_last_source_row_continuous_segment,P21,HV1,1,on_ramp,P21_HV1_1,P21_HV1.1.asc,HV1,60,initiator_active,3137,1,52283.33,52283.3335,1.0,1.0,23.273336,83.78401,131.0,6.289235,-1270.738133,0.033332,0.020271,0.0,23.275231,0.002499,0.0,1270.773622,-29.928547,6.273692,1.0,1.0,0.0,0.0,1235.595951,-35.389606,1021.0,5006.0,0.0,193.0,-1.582528,34.733586,125.04091,34.730694,0.448239,0.000568,0.162678,-1.712143,-0.000158,0.207868,0.339,0.0,1.0,0.0,0.0,0.0,-9999.0,-9999.0,-9999.0,-9999.0,-9999.0,-9999.0,-9999.0,-9999.0,-9999.0,-9999.0,-9999.0,-9999.0,-9999.0,-9999.0
P21_HV1_1_interaction,active_and_state_lat_and_long_zero_last_source_row_continuous_segment,P21,HV1,1,on_ramp,P21_HV1_1,P21_HV1.1.asc,HV1,60,initiator_active,3138,1,52300.0,52300.0007,1.0,1.0,23.274877,83.789558,131.0,6.678605,-1271.126003,0.030277,0.020781,0.0,23.275779,0.00215,0.0,1271.161528,-29.932181,6.273722,1.0,1.0,0.0,0.0,1236.173442,-35.429679,1021.0,5006.0,0.0,193.0,-1.620111,34.73597,125.049491,34.733067,0.449056,0.000565,0.166564,-1.692661,-0.000291,0.197663,0.339,0.0,1.0,0.0,0.0,0.0,-9999.0,-9999.0,-9999.0,-9999.0,-9999.0,-9999.0,-9999.0,-9999.0,-9999.0,-9999.0,-9999.0,-9999.0,-9999.0,-9999.0
P21_HV1_1_interaction,active_and_state_lat_and_long_zero_last_source_row_continuous_segment,P21,HV1,1,on_ramp,P21_HV1_1,P21_HV1.1.asc,HV1,60,initiator_active,3139,1,52316.68,52316.6756,1.0,1.0,23.275508,83.79183,131.0,7.067932,-1271.513887,0.034011,0.023115,0.0,23.276296,0.001751,0.0,1271.549443,-29.935809,6.273755,1.0,1.0,0.0,0.0,1236.75094,-35.470231,1021.0,5006.0,0.0,193.0,-1.658172,34.7384,125.058239,34.735486,0.449924,0.000559,0.168322,-1.663071,-0.00045,0.182905,0.33875,0.002198,1.0,0.0,0.0,0.0,-9999.0,-9999.0,-9999.0,-9999.0,-9999.0,-9999.0,-9999.0,-9999.0,-9999.0,-9999.0,-9999.0,-9999.0,-9999.0,-9999.0
P21_HV1_1_interaction,active_and_state_lat_and_long_zero_last_source_row_continuous_segment,P21,HV1,1,on_ramp,P21_HV1_1,P21_HV1.1.asc,HV1,60,initiator_active,3140,1,52333.33,52333.3341,1.0,1.0,23.276031,83.793711,131.0,7.457212,-1271.90178,0.024434,0.025059,0.0,23.276776,0.001329,0.0,1271.937366,-29.93943,6.27379,1.0,1.0,0.0,0.0,1237.328443,-35.511259,1021.0,5006.0,0.0,193.0,-1.696708,34.740594,125.06614,34.737672,0.450576,0.000551,0.14814,-1.664966,-0.000495,0.182905,0.33875,0.002198,1.0,0.0,0.0,0.0,-9999.0,-9999.0,-9999.0,-9999.0,-9999.0,-9999.0,-9999.0,-9999.0,-9999.0,-9999.0,-9999.0,-9999.0,-9999.0,-9999.0
P21_HV1_1_interaction,active_and_state_lat_and_long_zero_last_source_row_continuous_segment,P21,HV1,1,on_ramp,P21_HV1_1,P21_HV1.1.asc,HV1,60,initiator_active,3141,1,52350.0,52350.0007,1.0,1.0,23.27658,83.795687,131.0,7.846446,-1272.289681,0.030616,0.027622,0.0,23.277224,0.0009,0.0,1272.325297,-29.943044,6.273826,1.0,1.0,0.0,0.0,1237.90595,-35.552758,1021.0,5006.0,0.0,193.0,-1.735714,34.742794,125.074058,34.739864,0.451218,0.000541,0.163269,-1.622087,-0.000654,0.162652,0.33875,0.0,1.0,0.0,0.0,0.0,-9999.0,-9999.0,-9999.0,-9999.0,-9999.0,-9999.0,-9999.0,-9999.0,-9999.0,-9999.0,-9999.0,-9999.0,-9999.0,-9999.0
P21_HV1_1_interaction,active_and_state_lat_and_long_zero_last_source_row_continuous_segment,P21,HV1,1,on_ramp,P21_HV1_1,P21_HV1.1.asc,HV1,60,initiator_active,3142,1,52366.67,52366.6745,1.0,1.0,23.276979,83.797126,131.0,8.23563,-1272.67759,0.035608,0.029096,0.0,23.27776,0.00047,0.0,1272.713237,-29.94665,6.273864,1.0,0.0,0.0,0.0,1238.483461,-35.594721,1021.0,5006.0,0.0,193.0,-1.775182,34.745311,125.08312,34.742371,0.451993,0.000528,0.175497,-1.554579,-0.000798,0.131252,0.33875,0.0,1.0,0.0,0.0,0.0,-9999.0,-9999.0,-9999.0,-9999.0,-9999.0,-9999.0,-9999.0,-9999.0,-9999.0,-9999.0,-9999.0,-9999.0,-9999.0,-9999.0
P21_HV1_1_interaction,active_and_state_lat_and_long_zero_last_source_row_continuous_segment,P21,HV1,1,on_ramp,P21_HV1_1,P21_HV1.1.asc,HV1,60,initiator_active,3143,1,52383.34,52383.3359,1.0,1.0,23.277479,83.798925,131.0,8.624767,-1273.065507,0.029131,0.032074,0.0,23.278309,6e-05,0.0,1273.101185,-29.950249,6.273903,1.0,0.0,0.0,0.0,1239.06098,-35.637136,1021.0,5006.0,0.0,192.0,1.809903,34.747954,125.092634,34.745002,0.452937,0.000511,0.172932,-1.424622,-0.001017,0.070493,0.33875,0.0,1.0,0.0,0.0,0.0,-9999.0,-9999.0,-9999.0,-9999.0,-9999.0,-9999.0,-9999.0,-9999.0,-9999.0,-9999.0,-9999.0,-9999.0,-9999.0,-9999.0
P21_HV1_1_interaction,active_and_state_lat_and_long_zero_last_source_row_continuous_segment,P21,HV1,1,on_ramp,P21_HV1_1,P21_HV1.1.asc,HV1,60,initiator_active,3144,1,52400.0,52400.0001,1.0,1.0,23.278057,83.801003,131.0,9.013857,-1273.453432,0.036525,0.034508,0.0,23.278806,-0.000317,0.0,1273.489142,-29.953839,6.273943,1.0,0.0,0.0,0.0,1239.638511,-35.679987,1021.0,5006.0,0.0,192.0,1.769551,34.750828,125.102981,34.747871,0.453295,0.000493,0.199327,-1.347685,-0.00118,0.034697,0.33875,0.0,1.0,0.0,0.0,0.0,-9999.0,-9999.0,-9999.0,-9999.0,-9999.0,-9999.0,-9999.0,-9999.0,-9999.0,-9999.0,-9999.0,-9999.0,-9999.0,-9999.0
P21_HV1_1_interaction,active_and_state_lat_and_long_zero_last_source_row_continuous_segment,P21,HV1,1,on_ramp,P21_HV1_1,P21_HV1.1.asc,HV1,60,initiator_active,3145,1,52416.67,52416.6674,1.0,1.0,23.278552,83.802786,131.0,9.4029,-1273.841367,0.03359,0.036514,0.0,23.279425,-0.000665,0.0,1273.877108,-29.95742,6.273983,1.0,0.0,0.0,0.0,1240.216058,-35.723257,1021.0,5006.0,0.0,192.0,1.728782,34.753953,125.114232,34.751004,0.452775,0.000474,0.207905,-1.258895,-0.001193,-0.005652,0.3385,0.0,1.0,0.0,0.0,0.0,-9999.0,-9999.0,-9999.0,-9999.0,-9999.0,-9999.0,-9999.0,-9999.0,-9999.0,-9999.0,-9999.0,-9999.0,-9999.0,-9999.0
P21_HV1_1_interaction,active_and_state_lat_and_long_zero_last_source_row_continuous_segment,P21,HV1,1,on_ramp,P21_HV1_1,P21_HV1.1.asc,HV1,60,initiator_active,3146,1,52433.34,52433.3432,1.0,1.0,23.27911,83.804796,131.0,9.791896,-1274.22931,0.040353,0.039391,0.0,23.280012,-0.000972,0.0,1274.265085,-29.960991,6.274023,1.0,0.0,0.0,0.0,1240.793626,-35.76693,1021.0,5006.0,0.0,192.0,1.687614,34.757191,125.125889,34.754264,0.451117,0.000455,0.211493,-1.166083,-0.001144,-0.046158,0.33875,0.0,1.0,0.0,0.0,0.0,-9999.0,-9999.0,-9999.0,-9999.0,-9999.0,-9999.0,-9999.0,-9999.0,-9999.0,-9999.0,-9999.0,-9999.0,-9999.0,-9999.0
P21_HV1_1_interaction,active_and_state_lat_and_long_zero_last_source_row_continuous_segment,P21,HV1,1,on_ramp,P21_HV1_1,P21_HV1.1.asc,HV1,60,initiator_active,3147,1,52450.0,52450.0001,1.0,1.0,23.279705,83.806936,131.0,10.180846,-1274.617263,0.038052,0.041539,0.0,23.280689,-0.001241,0.0,1274.653071,-29.964551,6.274064,1.0,0.0,0.0,0.0,1241.371219,-35.810986,1021.0,5006.0,0.0,192.0,1.646065,34.760485,125.137747,34.757599,0.44793,0.000436,0.212758,-1.078956,-0.001155,-0.08164,0.33875,0.0,1.0,0.0,0.0,0.0,-9999.0,-9999.0,-9999.0,-9999.0,-9999.0,-9999.0,-9999.0,-9999.0,-9999.0,-9999.0,-9999.0,-9999.0,-9999.0,-9999.0
P21_HV1_1_interaction,active_and_state_lat_and_long_zero_last_source_row_continuous_segment,P21,HV1,1,on_ramp,P21_HV1_1,P21_HV1.1.asc,HV1,60,initiator_active,3148,1,52466.68,52466.6816,1.0,1.0,23.280348,83.809252,131.0,10.569751,-1275.005226,0.037558,0.043819,0.0,23.281329,-0.001494,0.0,1275.041069,-29.968101,6.274105,1.0,0.0,0.0,0.0,1241.948838,-35.855405,1021.0,5006.0,0.0,192.0,1.604157,34.763813,125.149726,34.760992,0.442852,0.000416,0.213162,-0.988973,-0.00129,-0.115866,0.33875,0.002198,1.0,0.0,0.0,0.0,-9999.0,-9999.0,-9999.0,-9999.0,-9999.0,-9999.0,-9999.0,-9999.0,-9999.0,-9999.0,-9999.0,-9999.0,-9999.0,-9999.0
P21_HV1_1_interaction,active_and_state_lat_and_long_zero_last_source_row_continuous_segment,P21,HV1,1,on_ramp,P21_HV1_1,P21_HV1.1.asc,HV1,60,initiator_active,3149,1,52483.33,52483.3341,1.0,1.0,23.281006,83.811621,131.0,10.958612,-1275.3932,0.03484,0.046781,0.0,23.281965,-0.001698,0.0,1275.429078,-29.971638,6.274145,1.0,0.0,0.0,0.0,1242.526484,-35.900166,1021.0,5006.0,0.0,192.0,1.561911,34.76691,125.160877,34.764181,0.435613,0.000393,0.192712,-0.902922,-0.001482,-0.145382,0.33875,0.0,1.0,0.0,0.0,0.0,-9999.0,-9999.0,-9999.0,-9999.0,-9999.0,-9999.0,-9999.0,-9999.0,-9999.0,-9999.0,-9999.0,-9999.0,-9999.0,-9999.0
P21_HV1_1_interaction,active_and_state_lat_and_long_zero_last_source_row_continuous_segment,P21,HV1,1,on_ramp,P21_HV1_1,P21_HV1.1.asc,HV1,60,initiator_active,3150,1,52500.0,52500.0009,1.0,1.0,23.281642,83.813911,131.0,11.347428,-1275.781185,0.036465,0.048939,0.0,23.282516,-0.001863,0.0,1275.817097,-29.975163,6.274186,1.0,0.0,0.0,0.0,1243.104158,-35.945249,1021.0,5006.0,0.0,192.0,1.519348,34.770177,125.172638,34.767568,0.425927,0.000365,0.21136,-0.823684,-0.001825,-0.168618,0.33875,0.0,1.0,0.0,0.0,0.0,-9999.0,-9999.0,-9999.0,-9999.0,-9999.0,-9999.0,-9999.0,-9999.0,-9999.0,-9999.0,-9999.0,-9999.0,-9999.0,-9999.0
P21_HV1_1_interaction,active_and_state_lat_and_long_zero_last_source_row_continuous_segment,P21,HV1,1,on_ramp,P21_HV1_1,P21_HV1.1.asc,HV1,60,initiator_active,3151,1,52516.67,52516.6671,1.0,1.0,23.282255,83.816117,131.0,11.736198,-1276.16918,0.039337,0.052402,0.0,23.283134,-0.002002,0.0,1276.205125,-29.978674,6.274228,1.0,0.0,0.0,0.0,1243.681862,-35.990631,1021.0,5006.0,0.0,192.0,1.47649,34.773552,125.184785,34.771091,0.413619,0.00033,0.211957,-0.743487,-0.002264,-0.189185,0.33875,0.0,1.0,0.0,0.0,0.0,-9999.0,-9999.0,-9999.0,-9999.0,-9999.0,-9999.0,-9999.0,-9999.0,-9999.0,-9999.0,-9999.0,-9999.0,-9999.0,-9999.0
P21_HV1_1_interaction,active_and_state_lat_and_long_zero_last_source_row_continuous_segment,P21,HV1,1,on_ramp,P21_HV1_1,P21_HV1.1.asc,HV1,60,initiator_active,3152,1,52533.34,52533.3399,1.0,1.0,23.28282,83.818151,131.0,12.124923,-1276.557184,0.038398,0.054387,0.0,23.283803,-0.002087,0.0,1276.593165,-29.982172,6.274269,1.0,0.0,0.0,0.0,1244.2596,-36.036292,1021.0,5006.0,0.0,192.0,1.433358,34.776943,125.196993,34.774658,0.398634,0.000287,0.211396,-0.665199,-0.002736,-0.20567,0.33875,0.0,1.0,0.0,0.0,0.0,-9999.0,-9999.0,-9999.0,-9999.0,-9999.0,-9999.0,-9999.0,-9999.0,-9999.0,-9999.0,-9999.0,-9999.0,-9999.0,-9999.0
P21_HV1_1_interaction,active_and_state_lat_and_long_zero_last_source_row_continuous_segment,P21,HV1,1,on_ramp,P21_HV1_1,P21_HV1.1.asc,HV1,60,initiator_active,3153,1,52550.0,52550.0008,1.0,1.0,23.283462,83.820463,131.0,12.513603,-1276.945198,0.038839,0.055066,0.0,23.284427,-0.002174,0.0,1276.981215,-29.985655,6.274312,1.0,0.0,0.0,0.0,1244.837374,-36.08221,1021.0,5006.0,0.0,192.0,1.389975,34.780341,125.209228,34.778255,0.380933,0.000237,0.210569,-0.59104,-0.00315,-0.217131,0.33875,0.002198,1.0,0.0,0.0,0.0,-9999.0,-9999.0,-9999.0,-9999.0,-9999.0,-9999.0,-9999.0,-9999.0,-9999.0,-9999.0,-9999.0,-9999.0,-9999.0,-9999.0
P21_HV1_1_interaction,active_and_state_lat_and_long_zero_last_source_row_continuous_segment,P21,HV1,1,on_ramp,P21_HV1_1,P21_HV1.1.asc,HV1,60,initiator_active,3154,1,52566.67,52566.6669,1.0,1.0,23.284123,83.822844,131.0,12.902239,-1277.333223,0.04939,0.056312,0.0,23.28519,-0.002268,0.0,1277.369276,-29.989122,6.274356,1.0,0.0,0.0,0.0,1245.415184,-36.128363,1021.0,5006.0,0.0,192.0,1.346364,34.783491,125.220568,34.781622,0.360554,0.000181,0.189452,-0.516568,-0.003413,-0.225766,0.33875,0.002198,1.0,0.0,0.0,0.0,-9999.0,-9999.0,-9999.0,-9999.0,-9999.0,-9999.0,-9999.0,-9999.0,-9999.0,-9999.0,-9999.0,-9999.0,-9999.0,-9999.0
P21_HV1_1_interaction,active_and_state_lat_and_long_zero_last_source_row_continuous_segment,P21,HV1,1,on_ramp,P21_HV1_1,P21_HV1.1.asc,HV1,60,initiator_active,3155,1,52583.33,52583.3341,1.0,1.0,23.28475,83.825101,131.0,13.290829,-1277.721259,0.044291,0.056178,0.0,23.285952,-0.002358,0.0,1277.757351,-29.992574,6.2744,1.0,0.0,0.0,0.0,1245.99303,-36.174727,1021.0,5006.0,0.0,192.0,1.302547,34.786543,125.231555,34.784904,0.337622,0.000123,0.187144,-0.443201,-0.00357,-0.230947,0.33875,0.0,1.0,0.0,0.0,0.0,-9999.0,-9999.0,-9999.0,-9999.0,-9999.0,-9999.0,-9999.0,-9999.0,-9999.0,-9999.0,-9999.0,-9999.0,-9999.0,-9999.0
P21_HV1_1_interaction,active_and_state_lat_and_long_zero_last_source_row_continuous_segment,P21,HV1,1,on_ramp,P21_HV1_1,P21_HV1.1.asc,HV1,60,initiator_active,3156,1,52600.0,52600.0006,1.0,1.0,23.285602,83.828167,131.0,13.679379,-1278.109307,0.043254,0.058641,0.0,23.286711,-0.002465,0.0,1278.145438,-29.99601,6.274446,1.0,0.0,0.0,0.0,1246.570913,-36.22128,1021.0,5006.0,0.0,192.0,1.258547,34.789844,125.243438,34.788442,0.312305,6.1e-05,0.20661,-0.368661,-0.003689,-0.23393,0.33875,0.0,1.0,0.0,0.0,0.0,-9999.0,-9999.0,-9999.0,-9999.0,-9999.0,-9999.0,-9999.0,-9999.0,-9999.0,-9999.0,-9999.0,-9999.0,-9999.0,-9999.0
P21_HV1_1_interaction,active_and_state_lat_and_long_zero_last_source_row_continuous_segment,P21,HV1,1,on_ramp,P21_HV1_1,P21_HV1.1.asc,HV1,60,initiator_active,3157,1,52616.67,52616.6674,1.0,1.0,23.286321,83.830756,131.0,14.067885,-1278.497368,0.036144,0.060696,0.0,23.287362,-0.002551,0.0,1278.533537,-29.99943,6.274492,1.0,0.0,0.0,0.0,1247.148836,-36.267998,1021.0,5006.0,0.0,192.0,1.214389,34.793252,125.255709,34.792087,0.284831,-1e-06,0.207442,-0.291349,-0.003705,-0.235814,0.33875,0.0,1.0,0.0,0.0,0.0,-9999.0,-9999.0,-9999.0,-9999.0,-9999.0,-9999.0,-9999.0,-9999.0,-9999.0,-9999.0,-9999.0,-9999.0,-9999.0,-9999.0
P21_HV1_1_interaction,active_and_state_lat_and_long_zero_last_source_row_continuous_segment,P21,HV1,1,on_ramp,P21_HV1_1,P21_HV1.1.asc,HV1,60,initiator_active,3158,1,52633.34,52633.3402,1.0,1.0,23.287071,83.833457,131.0,14.456349,-1278.885441,0.047109,0.061285,0.0,23.288026,-0.002639,0.0,1278.921648,-30.002833,6.274539,1.0,0.0,0.0,0.0,1247.726805,-36.314858,1021.0,5006.0,0.0,192.0,1.170096,34.796677,125.268036,34.795739,0.255465,-6.1e-05,0.207262,-0.211075,-0.003568,-0.236913,0.33875,0.0,1.0,0.0,0.0,0.0,-9999.0,-9999.0,-9999.0,-9999.0,-9999.0,-9999.0,-9999.0,-9999.0,-9999.0,-9999.0,-9999.0,-9999.0,-9999.0,-9999.0
P21_HV1_1_interaction,active_and_state_lat_and_long_zero_last_source_row_continuous_segment,P21,HV1,1,on_ramp,P21_HV1_1,P21_HV1.1.asc,HV1,60,initiator_active,3159,1,52650.0,52650.0009,1.0,1.0,23.287663,83.835587,131.0,14.844768,-1279.273525,0.047301,0.063428,0.0,23.288815,-0.002722,0.0,1279.30977,-30.00622,6.274586,1.0,0.0,0.0,0.0,1248.304821,-36.361835,1021.0,5006.0,0.0,192.0,1.125694,34.800109,125.280391,34.799385,0.224466,-0.000118,0.206915,-0.129188,-0.003321,-0.236913,0.33875,0.0,1.0,0.0,0.0,0.0,-9999.0,-9999.0,-9999.0,-9999.0,-9999.0,-9999.0,-9999.0,-9999.0,-9999.0,-9999.0,-9999.0,-9999.0,-9999.0,-9999.0
P21_HV1_1_interaction,active_and_state_lat_and_long_zero_last_source_row_continuous_segment,P21,HV1,1,on_ramp,P21_HV1_1,P21_HV1.1.asc,HV1,60,initiator_active,3160,1,52666.7,52666.697,1.0,1.0,23.288419,83.838307,131.0,15.233144,-1279.66162,0.046752,0.068616,0.0,23.2896,-0.002793,0.0,1279.697906,-30.009589,6.274635,1.0,0.0,0.0,0.0,1248.882888,-36.408903,1021.0,5006.0,0.0,192.0,1.08121,34.803544,125.292759,34.803014,0.192179,-0.00017,0.206341,-0.034975,-0.003004,-0.240995,0.33875,0.0,1.0,0.0,0.0,0.0,-9999.0,-9999.0,-9999.0,-9999.0,-9999.0,-9999.0,-9999.0,-9999.0,-9999.0,-9999.0,-9999.0,-9999.0,-9999.0,-9999.0
P21_HV1_1_interaction,active_and_state_lat_and_long_zero_last_source_row_continuous_segment,P21,HV1,1,on_ramp,P21_HV1_1,P21_HV1.1.asc,HV1,60,initiator_active,3161,1,52683.33,52683.3337,1.0,1.0,23.289209,83.841152,131.0,15.621479,-1280.049728,0.129736,0.068554,0.0,23.290412,-0.002815,0.0,1280.086054,-30.01294,6.274685,1.0,0.0,0.0,0.0,1249.461007,-36.456034,1021.0,5006.0,0.0,192.0,1.03667,34.806979,125.305126,34.806617,0.158815,-0.000217,0.205834,0.052927,-0.002683,-0.240995,0.33875,0.0,1.0,0.0,0.0,0.0,-9999.0,-9999.0,-9999.0,-9999.0,-9999.0,-9999.0,-9999.0,-9999.0,-9999.0,-9999.0,-9999.0,-9999.0,-9999.0,-9999.0
P21_HV1_1_interaction,active_and_state_lat_and_long_zero_last_source_row_continuous_segment,P21,HV1,1,on_ramp,P21_HV1_1,P21_HV1.1.asc,HV1,60,initiator_active,3162,1,52700.0,52700.0008,1.0,1.0,23.28999,83.843964,131.0,16.009771,-1280.437848,0.084425,0.069356,0.0,23.292344,-0.002869,0.0,1280.474223,-30.016272,6.274737,1.0,1.0,0.0,0.0,1250.039181,-36.503201,1021.0,5006.0,0.0,192.0,0.992103,34.810409,125.317471,34.810185,0.124843,-0.000259,0.204859,0.173709,-0.002335,-0.254968,0.33875,0.0,1.0,0.0,0.0,0.0,-9999.0,-9999.0,-9999.0,-9999.0,-9999.0,-9999.0,-9999.0,-9999.0,-9999.0,-9999.0,-9999.0,-9999.0,-9999.0,-9999.0
P21_HV1_1_interaction,active_and_state_lat_and_long_zero_last_source_row_continuous_segment,P21,HV1,1,on_ramp,P21_HV1_1,P21_HV1.1.asc,HV1,60,initiator_active,3163,1,52716.67,52716.6668,1.0,1.0,23.291493,83.849373,131.0,16.398029,-1280.825988,0.049881,0.070715,0.0,23.293611,-0.002938,0.0,1280.86242,-30.019584,6.274789,1.0,1.0,0.0,0.0,1250.617412,-36.550372,1021.0,5006.0,0.0,192.0,0.947541,34.813827,125.329776,34.813709,0.090421,-0.000294,0.203823,0.294765,-0.002007,-0.26847,0.33875,0.0,1.0,0.0,0.0,0.0,-9999.0,-9999.0,-9999.0,-9999.0,-9999.0,-9999.0,-9999.0,-9999.0,-9999.0,-9999.0,-9999.0,-9999.0,-9999.0,-9999.0
P21_HV1_1_interaction,active_and_state_lat_and_long_zero_last_source_row_continuous_segment,P21,HV1,1,on_ramp,P21_HV1_1,P21_HV1.1.asc,HV1,60,initiator_active,3164,1,52733.33,52733.3334,1.0,1.0,23.293047,83.85497,131.0,16.78626,-1281.214156,0.05148,0.072312,0.0,23.294418,-0.003014,0.0,1281.250636,-30.022877,6.274844,1.0,1.0,0.0,0.0,1251.195703,-36.597515,1021.0,5006.0,0.0,192.0,0.903016,34.817227,125.342015,34.817182,0.055758,-0.000325,0.202587,0.422946,-0.001732,-0.284641,0.33875,0.0,1.0,0.0,0.0,0.0,-9999.0,-9999.0,-9999.0,-9999.0,-9999.0,-9999.0,-9999.0,-9999.0,-9999.0,-9999.0,-9999.0,-9999.0,-9999.0,-9999.0
P21_HV1_1_interaction,active_and_state_lat_and_long_zero_last_source_row_continuous_segment,P21,HV1,1,on_ramp,P21_HV1_1,P21_HV1.1.asc,HV1,60,initiator_active,3165,1,52750.0,52750.0009,1.0,1.0,23.294026,83.858495,131.0,17.174455,-1281.602343,0.066799,0.072309,0.0,23.295339,-0.003094,0.0,1281.638866,-30.02615,6.274899,1.0,1.0,0.0,0.0,1251.774056,-36.644596,1021.0,5006.0,0.0,192.0,0.858564,34.820601,125.354162,34.820594,0.020927,-0.000353,0.201183,0.552686,-0.00152,-0.301126,0.33875,0.0,1.0,0.0,0.0,0.0,-9999.0,-9999.0,-9999.0,-9999.0,-9999.0,-9999.0,-9999.0,-9999.0,-9999.0,-9999.0,-9999.0,-9999.0,-9999.0,-9999.0
P21_HV1_1_interaction,active_and_state_lat_and_long_zero_last_source_row_continuous_segment,P21,HV1,1,on_ramp,P21_HV1_1,P21_HV1.1.asc,HV1,60,initiator_active,3166,1,52766.67,52766.6674,1.0,1.0,23.294847,83.861448,131.0,17.56261,-1281.990544,0.056369,0.073697,0.0,23.296412,-0.003212,0.0,1282.027113,-30.029403,6.274956,1.0,1.0,0.0,0.0,1252.352475,-36.691579,1021.0,5006.0,0.0,192.0,0.814219,34.823946,125.366206,34.823943,-0.014294,-0.000377,0.200406,0.646435,-0.001435,-0.301126,0.33875,0.0,1.0,0.0,0.0,0.0,-9999.0,-9999.0,-9999.0,-9999.0,-9999.0,-9999.0,-9999.0,-9999.0,-9999.0,-9999.0,-9999.0,-9999.0,-9999.0,-9999.0
P21_HV1_1_interaction,active_and_state_lat_and_long_zero_last_source_row_continuous_segment,P21,HV1,1,on_ramp,P21_HV1_1,P21_HV1.1.asc,HV1,60,initiator_active,3167,1,52783.33,52783.3334,1.0,1.0,23.295896,83.865224,131.0,17.950726,-1282.37876,0.058992,0.077509,0.0,23.297341,-0.003302,0.0,1282.415377,-30.032636,6.275013,1.0,1.0,0.0,0.0,1252.930961,-36.73843,1021.0,5006.0,0.0,192.0,0.770017,34.827248,125.378094,34.827213,-0.049315,-0.000399,0.197603,0.825843,-0.00128,-0.338963,0.33875,0.0,1.0,0.0,0.0,0.0,-9999.0,-9999.0,-9999.0,-9999.0,-9999.0,-9999.0,-9999.0,-9999.0,-9999.0,-9999.0,-9999.0,-9999.0,-9999.0,-9999.0
P21_HV1_1_interaction,active_and_state_lat_and_long_zero_last_source_row_continuous_segment,P21,HV1,1,on_ramp,P21_HV1_1,P21_HV1.1.asc,HV1,60,initiator_active,3168,1,52800.01,52800.0114,1.0,1.0,23.296881,83.868773,131.0,18.338805,-1282.766993,0.062092,0.080754,0.0,23.298347,-0.003379,0.0,1282.803657,-30.035847,6.275072,1.0,1.0,0.0,0.0,1253.509516,-36.785111,1021.0,5006.0,0.0,192.0,0.725996,34.830497,125.38979,34.830395,-0.084437,-0.00042,0.195673,0.958646,-0.001202,-0.355919,0.33875,0.0,1.0,0.0,0.0,0.0,-9999.0,-9999.0,-9999.0,-9999.0,-9999.0,-9999.0,-9999.0,-9999.0,-9999.0,-9999.0,-9999.0,-9999.0,-9999.0,-9999.0
P21_HV1_1_interaction,active_and_state_lat_and_long_zero_last_source_row_continuous_segment,P21,HV1,1,on_ramp,P21_HV1_1,P21_HV1.1.asc,HV1,60,initiator_active,3169,1,52816.67,52816.6676,1.0,1.0,23.297832,83.872196,131.0,18.726845,-1283.155242,0.001608,0.082678,0.0,23.299083,-0.003426,0.0,1283.191954,-30.039036,6.275133,1.0,1.0,0.0,0.0,1254.088144,-36.831584,1021.0,5006.0,0.0,192.0,0.682194,34.833692,125.401293,34.833486,-0.119824,-0.00044,0.193754,1.088794,-0.001151,-0.371305,0.33875,0.0,1.0,0.0,0.0,0.0,-9999.0,-9999.0,-9999.0,-9999.0,-9999.0,-9999.0,-9999.0,-9999.0,-9999.0,-9999.0,-9999.0,-9999.0,-9999.0,-9999.0
P21_HV1_1_interaction,active_and_state_lat_and_long_zero_last_source_row_continuous_segment,P21,HV1,1,on_ramp,P21_HV1_1,P21_HV1.1.asc,HV1,60,initiator_active,3170,1,52833.34,52833.3352,1.0,1.0,23.298864,83.875911,131.0,19.114848,-1283.543507,0.057652,0.085056,0.0,23.299349,-0.003495,0.0,1283.580259,-30.042202,6.275195,1.0,1.0,0.0,0.0,1254.666845,-36.877812,1021.0,5006.0,0.0,192.0,0.638648,34.83683,125.412588,34.836483,-0.155531,-0.00046,0.1919,1.214589,-0.001129,-0.384336,0.33875,0.0,1.0,0.0,0.0,0.0,-9999.0,-9999.0,-9999.0,-9999.0,-9999.0,-9999.0,-9999.0,-9999.0,-9999.0,-9999.0,-9999.0,-9999.0,-9999.0,-9999.0
P21_HV1_1_interaction,active_and_state_lat_and_long_zero_last_source_row_continuous_segment,P21,HV1,1,on_ramp,P21_HV1_1,P21_HV1.1.asc,HV1,60,initiator_active,3171,1,52850.0,52850.0001,1.0,1.0,23.299096,83.876747,131.0,19.502804,-1283.93178,0.073239,0.085618,0.0,23.30037,-0.003564,0.0,1283.968573,-30.045345,6.275259,1.0,1.0,0.0,0.0,1255.245622,-36.923759,1021.0,5006.0,0.0,192.0,0.595396,34.839907,125.423666,34.83938,-0.191601,-0.000479,0.190174,1.3353,-0.001101,-0.394698,0.33875,0.0,1.0,0.0,0.0,0.0,-9999.0,-9999.0,-9999.0,-9999.0,-9999.0,-9999.0,-9999.0,-9999.0,-9999.0,-9999.0,-9999.0,-9999.0,-9999.0,-9999.0
P21_HV1_1_interaction,active_and_state_lat_and_long_zero_last_source_row_continuous_segment,P21,HV1,1,on_ramp,P21_HV1_1,P21_HV1.1.asc,HV1,60,initiator_active,3172,1,52866.67,52866.6687,1.0,1.0,23.299829,83.879385,131.0,19.890714,-1284.320061,0.063915,0.086968,0.0,23.301561,-0.003658,0.0,1284.356905,-30.048464,6.275324,1.0,1.0,0.0,0.0,1255.824477,-36.96939,1021.0,5006.0,0.0,192.0,0.552471,34.842922,125.434518,34.842176,-0.228032,-0.000497,0.188519,1.45374,-0.001037,-0.403647,0.33875,0.0,1.0,0.0,0.0,0.0,-9999.0,-9999.0,-9999.0,-9999.0,-9999.0,-9999.0,-9999.0,-9999.0,-9999.0,-9999.0,-9999.0,-9999.0,-9999.0,-9999.0
P21_HV1_1_interaction,active_and_state_lat_and_long_zero_last_source_row_continuous_segment,P21,HV1,1,on_ramp,P21_HV1_1,P21_HV1.1.asc,HV1,60,initiator_active,3173,1,52883.33,52883.3341,1.0,1.0,23.30098,83.883528,131.0,20.278588,-1284.70836,0.061747,0.089878,0.0,23.302612,-0.003749,0.0,1284.745256,-30.051559,6.275392,1.0,1.0,0.0,0.0,1256.403411,-37.01467,1021.0,5006.0,0.0,192.0,0.50991,34.845872,125.445139,34.844866,-0.264809,-0.000513,0.187143,1.563673,-0.000932,-0.408514,0.33875,0.0,1.0,0.0,0.0,0.0,-9999.0,-9999.0,-9999.0,-9999.0,-9999.0,-9999.0,-9999.0,-9999.0,-9999.0,-9999.0,-9999.0,-9999.0,-9999.0,-9999.0
P21_HV1_1_interaction,active_and_state_lat_and_long_zero_last_source_row_continuous_segment,P21,HV1,1,on_ramp,P21_HV1_1,P21_HV1.1.asc,HV1,60,initiator_active,3174,1,52900.0,52900.0008,1.0,1.0,23.302094,83.887537,131.0,20.666427,-1285.096677,0.071102,0.092944,0.0,23.303707,-0.003848,0.0,1285.133625,-30.054629,6.27546,1.0,1.0,0.0,0.0,1256.982425,-37.059566,1021.0,5006.0,0.0,192.0,0.467747,34.848761,125.45554,34.847453,-0.301946,-0.000527,0.186192,1.663075,-0.000777,-0.408514,0.33875,0.002198,1.0,0.0,0.0,0.0,-9999.0,-9999.0,-9999.0,-9999.0,-9999.0,-9999.0,-9999.0,-9999.0,-9999.0,-9999.0,-9999.0,-9999.0,-9999.0,-9999.0
P21_HV1_1_interaction,active_and_state_lat_and_long_zero_last_source_row_continuous_segment,P21,HV1,1,on_ramp,P21_HV1_1,P21_HV1.1.asc,HV1,60,initiator_active,3175,1,52916.67,52916.6679,1.0,1.0,23.303127,83.891256,131.0,21.054229,-1285.485012,0.074919,0.094379,0.0,23.304907,-0.003952,0.0,1285.522013,-30.057673,6.275531,1.0,1.0,0.0,0.0,1257.561521,-37.104046,1021.0,5006.0,0.0,192.0,0.426013,34.85134,125.464826,34.849688,-0.339416,-0.000537,0.165454,1.751915,-0.000541,-0.402862,0.33875,0.0,1.0,0.0,0.0,0.0,-9999.0,-9999.0,-9999.0,-9999.0,-9999.0,-9999.0,-9999.0,-9999.0,-9999.0,-9999.0,-9999.0,-9999.0,-9999.0,-9999.0
P21_HV1_1_interaction,active_and_state_lat_and_long_zero_last_source_row_continuous_segment,P21,HV1,1,on_ramp,P21_HV1_1,P21_HV1.1.asc,HV1,60,initiator_active,3176,1,52933.33,52933.3336,1.0,1.0,23.304299,83.895478,131.0,21.441996,-1285.873365,0.066167,0.096146,0.0,23.306054,-0.004068,0.0,1285.910422,-30.060691,6.275603,1.0,1.0,0.0,0.0,1258.140696,-37.148079,1021.0,5006.0,0.0,192.0,0.384739,34.854022,125.474478,34.851981,-0.37712,-0.000544,0.184331,1.830989,-0.000312,-0.393599,0.33875,0.0,1.0,0.0,0.0,0.0,-9999.0,-9999.0,-9999.0,-9999.0,-9999.0,-9999.0,-9999.0,-9999.0,-9999.0,-9999.0,-9999.0,-9999.0,-9999.0,-9999.0
P21_HV1_1_interaction,active_and_state_lat_and_long_zero_last_source_row_continuous_segment,P21,HV1,1,on_ramp,P21_HV1_1,P21_HV1.1.asc,HV1,60,initiator_active,3177,1,52950.0,52950.0006,1.0,1.0,23.305531,83.899912,131.0,21.829729,-1286.261738,0.077178,0.094697,0.0,23.307249,-0.004191,0.0,1286.298849,-30.063684,6.275676,1.0,1.0,0.0,0.0,1258.719953,-37.191638,1021.0,5006.0,0.0,192.0,0.343954,34.85675,125.484299,34.85428,-0.414894,-0.000547,0.185671,1.90317,-7.1e-05,-0.38151,0.33875,0.0,1.0,0.0,0.0,0.0,-9999.0,-9999.0,-9999.0,-9999.0,-9999.0,-9999.0,-9999.0,-9999.0,-9999.0,-9999.0,-9999.0,-9999.0,-9999.0,-9999.0
P21_HV1_1_interaction,active_and_state_lat_and_long_zero_last_source_row_continuous_segment,P21,HV1,1,on_ramp,P21_HV1_1,P21_HV1.1.asc,HV1,60,initiator_active,3178,1,52966.67,52966.6669,1.0,1.0,23.306606,83.90378,131.0,22.217427,-1286.650129,0.081721,0.097242,0.0,23.308513,-0.004333,0.0,1286.687298,-30.066649,6.275751,1.0,1.0,0.0,0.0,1259.299294,-37.234697,1021.0,5006.0,0.0,192.0,0.303683,34.859442,125.493993,34.856506,-0.452495,-0.000545,0.186386,1.970009,0.000245,-0.36738,0.33875,0.002198,1.0,0.0,0.0,0.0,-9999.0,-9999.0,-9999.0,-9999.0,-9999.0,-9999.0,-9999.0,-9999.0,-9999.0,-9999.0,-9999.0,-9999.0,-9999.0,-9999.0
P21_HV1_1_interaction,active_and_state_lat_and_long_zero_last_source_row_continuous_segment,P21,HV1,1,on_ramp,P21_HV1_1,P21_HV1.1.asc,HV1,60,initiator_active,3179,1,52983.33,52983.3335,1.0,1.0,23.307892,83.90841,131.0,22.605091,-1287.038541,0.091298,0.100596,0.0,23.309918,-0.004493,0.0,1287.075767,-30.069588,6.275828,1.0,1.0,0.0,0.0,1259.878719,-37.277232,1021.0,5006.0,0.0,192.0,0.263951,34.861835,125.502606,34.858399,-0.489438,-0.000535,0.165647,2.067337,0.000734,-0.36738,0.33875,0.002198,1.0,0.0,0.0,0.0,-9999.0,-9999.0,-9999.0,-9999.0,-9999.0,-9999.0,-9999.0,-9999.0,-9999.0,-9999.0,-9999.0,-9999.0,-9999.0,-9999.0
P21_HV1_1_interaction,active_and_state_lat_and_long_zero_last_source_row_continuous_segment,P21,HV1,1,on_ramp,P21_HV1_1,P21_HV1.1.asc,HV1,60,initiator_active,3180,1,53000.0,53000.0001,1.0,1.0,23.309194,83.913097,131.0,22.992722,-1287.426973,0.120301,0.099734,0.0,23.311591,-0.00463,0.0,1287.464261,-30.072499,6.275905,1.0,1.0,0.0,0.0,1260.458226,-37.319216,1021.0,5006.0,0.0,192.0,0.224785,34.86417,125.511012,34.860207,-0.525633,-0.000519,0.180874,2.131227,0.001133,-0.353564,0.33875,0.0,1.0,0.0,0.0,0.0,-9999.0,-9999.0,-9999.0,-9999.0,-9999.0,-9999.0,-9999.0,-9999.0,-9999.0,-9999.0,-9999.0,-9999.0,-9999.0,-9999.0
P21_HV1_1_interaction,active_and_state_lat_and_long_zero_last_source_row_continuous_segment,P21,HV1,1,on_ramp,P21_HV1_1,P21_HV1.1.asc,HV1,60,initiator_active,3181,1,53016.67,53016.6736,1.0,1.0,23.310678,83.918442,131.0,23.380324,-1287.815429,0.100314,0.102949,0.0,23.313566,-0.004787,0.0,1287.852785,-30.075383,6.275984,1.0,1.0,0.0,0.0,1261.037815,-37.360626,1021.0,5006.0,0.0,192.0,0.186208,34.866705,125.520136,34.862191,-0.560992,-0.000497,0.187188,2.169021,0.001493,-0.329386,0.33875,0.0,1.0,0.0,0.0,0.0,-9999.0,-9999.0,-9999.0,-9999.0,-9999.0,-9999.0,-9999.0,-9999.0,-9999.0,-9999.0,-9999.0,-9999.0,-9999.0,-9999.0
P21_HV1_1_interaction,active_and_state_lat_and_long_zero_last_source_row_continuous_segment,P21,HV1,1,on_ramp,P21_HV1_1,P21_HV1.1.asc,HV1,60,initiator_active,3182,1,53033.34,53033.3356,1.0,1.0,23.312593,83.925337,131.0,23.767901,-1288.203915,0.098904,0.107094,0.0,23.315186,-0.004918,0.0,1288.241341,-30.078238,6.276064,1.0,0.0,0.0,0.0,1261.61749,-37.401442,1021.0,5006.0,0.0,192.0,0.148242,34.869216,125.529176,34.864139,-0.594962,-0.000468,0.187702,2.242471,0.001837,-0.322321,0.33875,0.0,1.0,0.0,0.0,0.0,-9999.0,-9999.0,-9999.0,-9999.0,-9999.0,-9999.0,-9999.0,-9999.0,-9999.0,-9999.0,-9999.0,-9999.0,-9999.0,-9999.0
P21_HV1_1_interaction,active_and_state_lat_and_long_zero_last_source_row_continuous_segment,P21,HV1,1,on_ramp,P21_HV1_1,P21_HV1.1.asc,HV1,60,initiator_active,3183,1,53050.0,53050.0008,1.0,1.0,23.314402,83.931847,131.0,24.155456,-1288.592431,0.106163,0.108805,0.0,23.316859,-0.00503,0.0,1288.629924,-30.081064,6.276145,1.0,0.0,0.0,0.0,1262.19725,-37.441641,1021.0,5006.0,0.0,192.0,0.110908,34.871673,125.538022,34.866031,-0.627228,-0.000434,0.187624,2.317376,0.002206,-0.317768,0.33875,0.0,1.0,0.0,0.0,0.0,-9999.0,-9999.0,-9999.0,-9999.0,-9999.0,-9999.0,-9999.0,-9999.0,-9999.0,-9999.0,-9999.0,-9999.0,-9999.0,-9999.0
P21_HV1_1_interaction,active_and_state_lat_and_long_zero_last_source_row_continuous_segment,P21,HV1,1,on_ramp,P21_HV1_1,P21_HV1.1.asc,HV1,60,initiator_active,3184,1,53066.67,53066.6672,1.0,1.0,23.31601,83.937636,131.0,24.542984,-1288.980974,0.108337,0.112794,0.0,23.318648,-0.005117,0.0,1289.018536,-30.083861,6.276227,1.0,0.0,0.0,0.0,1262.777095,-37.481201,1021.0,5006.0,0.0,192.0,0.07423,34.874069,125.546649,34.867868,-0.657633,-0.000393,0.187278,2.392548,0.002558,-0.315413,0.33875,0.0,1.0,0.0,0.0,0.0,-9999.0,-9999.0,-9999.0,-9999.0,-9999.0,-9999.0,-9999.0,-9999.0,-9999.0,-9999.0,-9999.0,-9999.0,-9999.0,-9999.0
P21_HV1_1_interaction,active_and_state_lat_and_long_zero_last_source_row_continuous_segment,P21,HV1,1,on_ramp,P21_HV1_1,P21_HV1.1.asc,HV1,60,initiator_active,3185,1,53083.33,53083.3335,1.0,1.0,23.317743,83.943876,131.0,24.930486,-1289.369545,0.117782,0.112428,0.0,23.320481,-0.005179,0.0,1289.407178,-30.086627,6.276311,1.0,0.0,0.0,0.0,1263.357026,-37.520101,1021.0,5006.0,0.0,192.0,0.03823,34.876403,125.555052,34.869654,-0.686111,-0.000348,0.186931,2.462081,0.002828,-0.312744,0.33875,0.0,1.0,0.0,0.0,0.0,-9999.0,-9999.0,-9999.0,-9999.0,-9999.0,-9999.0,-9999.0,-9999.0,-9999.0,-9999.0,-9999.0,-9999.0,-9999.0,-9999.0
P21_HV1_1_interaction,active_and_state_lat_and_long_zero_last_source_row_continuous_segment,P21,HV1,1,on_ramp,P21_HV1_1,P21_HV1.1.asc,HV1,60,initiator_active,3186,1,53100.0,53100.0008,1.0,1.0,23.31955,83.950381,131.0,25.317964,-1289.758146,0.123876,0.120044,0.0,23.322464,-0.005281,0.0,1289.795851,-30.089361,6.276396,1.0,0.0,0.0,0.0,1263.937043,-37.558318,1021.0,5006.0,0.0,192.0,0.002929,34.878679,125.563245,34.871397,-0.7127,-0.000299,0.186801,2.520592,0.002985,-0.307406,0.33875,0.0,1.0,0.0,0.0,0.0,-9999.0,-9999.0,-9999.0,-9999.0,-9999.0,-9999.0,-9999.0,-9999.0,-9999.0,-9999.0,-9999.0,-9999.0,-9999.0,-9999.0
P21_HV1_1_interaction,active_and_state_lat_and_long_zero_last_source_row_continuous_segment,P21,HV1,1,on_ramp,P21_HV1_1,P21_HV1.1.asc,HV1,60,initiator_active,3187,1,53116.67,53116.6672,1.0,1.0,23.321462,83.957263,131.0,25.70542,-1290.146777,0.131982,0.12179,0.0,23.324577,-0.005311,0.0,1290.184558,-30.092062,6.276483,1.0,0.0,0.0,0.0,1264.517143,-37.595832,1021.0,5006.0,0.0,129.0,-0.031677,34.880907,125.571263,34.873109,-0.737485,-0.000248,0.187048,2.566051,0.003026,-0.298457,0.33875,0.0,1.0,0.0,0.0,0.0,-9999.0,-9999.0,-9999.0,-9999.0,-9999.0,-9999.0,-9999.0,-9999.0,-9999.0,-9999.0,-9999.0,-9999.0,-9999.0,-9999.0
P21_HV1_1_interaction,active_and_state_lat_and_long_zero_last_source_row_continuous_segment,P21,HV1,1,on_ramp,P21_HV1_1,P21_HV1.1.asc,HV1,60,initiator_active,3188,1,53133.33,53133.3342,1.0,1.0,23.323496,83.964586,131.0,26.092855,-1290.535441,0.167667,0.122179,0.0,23.327173,-0.005365,0.0,1290.573301,-30.09473,6.276573,1.0,0.0,0.0,0.0,1265.097327,-37.632629,1021.0,5006.0,0.0,129.0,-0.065719,34.883097,125.579149,34.874806,-0.760509,-0.000198,0.187599,2.601771,0.002974,-0.28731,0.33775,0.0,1.0,0.0,0.0,0.0,-9999.0,-9999.0,-9999.0,-9999.0,-9999.0,-9999.0,-9999.0,-9999.0,-9999.0,-9999.0,-9999.0,-9999.0,-9999.0,-9999.0
P21_HV1_1_interaction,active_and_state_lat_and_long_zero_last_source_row_continuous_segment,P21,HV1,1,on_ramp,P21_HV1_1,P21_HV1.1.asc,HV1,60,initiator_active,3189,1,53150.0,53150.0025,1.0,1.0,23.325677,83.972437,131.0,26.480273,-1290.924141,0.209373,0.125476,0.0,23.329736,-0.005458,0.0,1290.96209,-30.097364,6.276665,1.0,0.0,0.0,0.0,1265.677594,-37.668693,1021.0,5006.0,0.0,129.0,-0.099164,34.88526,125.586936,34.876499,-0.781767,-0.000149,0.18845,2.627132,0.002859,-0.273651,0.33775,0.002198,1.0,0.0,0.0,0.0,-9999.0,-9999.0,-9999.0,-9999.0,-9999.0,-9999.0,-9999.0,-9999.0,-9999.0,-9999.0,-9999.0,-9999.0,-9999.0,-9999.0
P21_HV1_1_interaction,active_and_state_lat_and_long_zero_last_source_row_continuous_segment,P21,HV1,1,on_ramp,P21_HV1_1,P21_HV1.1.asc,HV1,60,initiator_active,3190,1,53166.67,53166.6676,1.0,1.0,23.32857,83.982854,131.0,26.867682,-1291.312886,0.14419,0.128775,0.0,23.333051,-0.005549,0.0,1291.350925,-30.099964,6.276759,1.0,0.0,0.0,0.0,1266.257943,-37.704013,1021.0,5006.0,0.0,129.0,-0.131997,34.887152,125.593747,34.87795,-0.801221,-0.000102,0.169193,2.644739,0.002759,-0.258736,0.3375,0.0,1.0,0.0,0.0,0.0,-9999.0,-9999.0,-9999.0,-9999.0,-9999.0,-9999.0,-9999.0,-9999.0,-9999.0,-9999.0,-9999.0,-9999.0,-9999.0,-9999.0
P21_HV1_1_interaction,active_and_state_lat_and_long_zero_last_source_row_continuous_segment,P21,HV1,1,on_ramp,P21_HV1_1,P21_HV1.1.asc,HV1,60,initiator_active,3191,1,53183.33,53183.3342,1.0,1.0,23.331481,83.99333,131.0,27.255082,-1291.701675,0.142618,0.132995,0.0,23.335438,-0.005626,0.0,1291.73981,-30.102528,6.276856,1.0,0.0,0.0,0.0,1266.838369,-37.73858,1021.0,5006.0,0.0,129.0,-0.164203,34.889184,125.601062,34.879575,-0.818778,-5.7e-05,0.189098,2.658056,0.002622,-0.243978,0.3375,0.0,1.0,0.0,0.0,0.0,-9999.0,-9999.0,-9999.0,-9999.0,-9999.0,-9999.0,-9999.0,-9999.0,-9999.0,-9999.0,-9999.0,-9999.0,-9999.0,-9999.0
P21_HV1_1_interaction,active_and_state_lat_and_long_zero_last_source_row_continuous_segment,P21,HV1,1,on_ramp,P21_HV1_1,P21_HV1.1.asc,HV1,60,initiator_active,3192,1,53200.0,53200.0016,1.0,1.0,23.334252,84.003309,131.0,27.64248,-1292.090515,0.140607,0.132661,0.0,23.3378,-0.005726,0.0,1292.128736,-30.105055,6.276955,1.0,0.0,0.0,0.0,1267.418874,-37.772387,1021.0,5006.0,0.0,129.0,-0.19577,34.891289,125.608642,34.881317,-0.834141,-1.4e-05,0.190089,2.698613,0.002542,-0.243978,0.3375,0.0,1.0,0.0,0.0,0.0,-9999.0,-9999.0,-9999.0,-9999.0,-9999.0,-9999.0,-9999.0,-9999.0,-9999.0,-9999.0,-9999.0,-9999.0,-9999.0,-9999.0
P21_HV1_1_interaction,active_and_state_lat_and_long_zero_last_source_row_continuous_segment,P21,HV1,1,on_ramp,P21_HV1_1,P21_HV1.1.asc,HV1,60,initiator_active,3193,1,53216.67,53216.6672,1.0,1.0,23.336626,84.011854,131.0,28.029863,-1292.479394,0.147129,0.133454,0.0,23.340176,-0.005866,0.0,1292.517701,-30.107545,6.277056,1.0,0.0,0.0,0.0,1267.999457,-37.805428,1021.0,5006.0,0.0,129.0,-0.226687,34.893404,125.616256,34.883105,-0.847728,2.7e-05,0.192464,2.665863,0.002412,-0.213363,0.33625,0.002198,1.0,0.0,0.0,0.0,-9999.0,-9999.0,-9999.0,-9999.0,-9999.0,-9999.0,-9999.0,-9999.0,-9999.0,-9999.0,-9999.0,-9999.0,-9999.0,-9999.0
P21_HV1_1_interaction,active_and_state_lat_and_long_zero_last_source_row_continuous_segment,P21,HV1,1,on_ramp,P21_HV1_1,P21_HV1.1.asc,HV1,60,initiator_active,3194,1,53233.33,53233.3343,1.0,1.0,23.338972,84.020298,131.0,28.417232,-1292.868312,0.150712,0.13541,0.0,23.342628,-0.006038,0.0,1292.906706,-30.109997,6.27716,1.0,0.0,0.0,0.0,1268.580119,-37.837699,1021.0,5006.0,0.0,129.0,-0.256945,34.895275,125.622989,34.884696,-0.85916,6.8e-05,0.173173,2.666658,0.00239,-0.200175,0.33525,0.0,1.0,0.0,0.0,0.0,-9999.0,-9999.0,-9999.0,-9999.0,-9999.0,-9999.0,-9999.0,-9999.0,-9999.0,-9999.0,-9999.0,-9999.0,-9999.0,-9999.0
P21_HV1_1_interaction,active_and_state_lat_and_long_zero_last_source_row_continuous_segment,P21,HV1,1,on_ramp,P21_HV1_1,P21_HV1.1.asc,HV1,60,initiator_active,3195,1,53250.0,53250.001,1.0,1.0,23.341402,84.029046,131.0,28.804587,-1293.257269,0.144706,0.135503,0.0,23.345158,-0.006251,0.0,1293.295753,-30.112412,6.277266,1.0,0.0,0.0,0.0,1269.160854,-37.869199,1021.0,5006.0,0.0,129.0,-0.286538,34.897292,125.63025,34.886491,-0.868172,0.000107,0.192101,2.690612,0.002417,-0.200175,0.33525,0.0,1.0,0.0,0.0,0.0,-9999.0,-9999.0,-9999.0,-9999.0,-9999.0,-9999.0,-9999.0,-9999.0,-9999.0,-9999.0,-9999.0,-9999.0,-9999.0,-9999.0
P21_HV1_1_interaction,active_and_state_lat_and_long_zero_last_source_row_continuous_segment,P21,HV1,1,on_ramp,P21_HV1_1,P21_HV1.1.asc,HV1,60,initiator_active,3196,1,53266.67,53266.6673,1.0,1.0,23.343884,84.037981,131.0,29.191929,-1293.646266,0.125957,0.136733,0.0,23.347282,-0.006493,0.0,1293.684842,-30.11479,6.277373,1.0,0.0,0.0,0.0,1269.741663,-37.899925,1021.0,5006.0,0.0,129.0,-0.315459,34.899402,125.637846,34.888431,-0.874991,0.000147,0.194202,2.671876,0.002358,-0.183533,0.335,0.0,1.0,0.0,0.0,0.0,-9999.0,-9999.0,-9999.0,-9999.0,-9999.0,-9999.0,-9999.0,-9999.0,-9999.0,-9999.0,-9999.0,-9999.0,-9999.0,-9999.0
P21_HV1_1_interaction,active_and_state_lat_and_long_zero_last_source_row_continuous_segment,P21,HV1,1,on_ramp,P21_HV1_1,P21_HV1.1.asc,HV1,60,initiator_active,3197,1,53283.33,53283.3344,1.0,1.0,23.346363,84.046908,131.0,29.579259,-1294.035305,0.144833,0.138349,0.0,23.349469,-0.006741,0.0,1294.073965,-30.117129,6.277482,1.0,0.0,0.0,0.0,1270.322548,-37.929878,1021.0,5006.0,0.0,129.0,-0.343703,34.901517,125.64546,34.890436,-0.879381,0.000186,0.194308,2.683929,0.002354,-0.183847,0.335,0.0,1.0,0.0,0.0,0.0,-9999.0,-9999.0,-9999.0,-9999.0,-9999.0,-9999.0,-9999.0,-9999.0,-9999.0,-9999.0,-9999.0,-9999.0,-9999.0,-9999.0
P21_HV1_1_interaction,active_and_state_lat_and_long_zero_last_source_row_continuous_segment,P21,HV1,1,on_ramp,P21_HV1_1,P21_HV1.1.asc,HV1,60,initiator_active,3198,1,53300.0,53300.0006,1.0,1.0,23.348331,84.053993,131.0,29.966569,-1294.424377,0.148956,0.139997,0.0,23.351944,-0.006984,0.0,1294.463126,-30.11943,6.277591,1.0,0.0,0.0,0.0,1270.903506,-37.959056,1021.0,5006.0,0.0,129.0,-0.371262,34.903611,125.653001,34.892483,-0.881304,0.000225,0.192943,2.698063,0.002358,-0.188243,0.335,0.002198,1.0,0.0,0.0,0.0,-9999.0,-9999.0,-9999.0,-9999.0,-9999.0,-9999.0,-9999.0,-9999.0,-9999.0,-9999.0,-9999.0,-9999.0,-9999.0,-9999.0
P21_HV1_1_interaction,active_and_state_lat_and_long_zero_last_source_row_continuous_segment,P21,HV1,1,on_ramp,P21_HV1_1,P21_HV1.1.asc,HV1,60,initiator_active,3199,1,53316.67,53316.6672,1.0,1.0,23.350676,84.062433,131.0,30.353864,-1294.813486,0.151415,0.138138,0.0,23.354431,-0.00722,0.0,1294.852328,-30.121693,6.277701,1.0,0.0,0.0,0.0,1271.484536,-37.987457,1021.0,5006.0,0.0,129.0,-0.398132,34.905423,125.659524,34.894307,-0.880881,0.000265,0.171404,2.712547,0.002372,-0.194837,0.335,0.0,1.0,0.0,0.0,0.0,-9999.0,-9999.0,-9999.0,-9999.0,-9999.0,-9999.0,-9999.0,-9999.0,-9999.0,-9999.0,-9999.0,-9999.0,-9999.0,-9999.0
P21_HV1_1_interaction,active_and_state_lat_and_long_zero_last_source_row_continuous_segment,P21,HV1,1,on_ramp,P21_HV1_1,P21_HV1.1.asc,HV1,60,initiator_active,3200,1,53333.33,53333.3334,1.0,1.0,23.353185,84.071465,131.0,30.741145,-1295.202636,0.155208,0.141109,0.0,23.356954,-0.007488,0.0,1295.241573,-30.123917,6.277812,1.0,0.0,0.0,0.0,1272.065634,-38.015081,1021.0,5006.0,0.0,129.0,-0.424304,34.907365,125.666512,34.896313,-0.87831,0.000303,0.189092,2.723262,0.002268,-0.202059,0.335,0.0,1.0,0.0,0.0,0.0,-9999.0,-9999.0,-9999.0,-9999.0,-9999.0,-9999.0,-9999.0,-9999.0,-9999.0,-9999.0,-9999.0,-9999.0,-9999.0,-9999.0
P21_HV1_1_interaction,active_and_state_lat_and_long_zero_last_source_row_continuous_segment,P21,HV1,1,on_ramp,P21_HV1_1,P21_HV1.1.asc,HV1,60,initiator_active,3201,1,53350.0,53350.0,1.0,1.0,23.355693,84.080493,131.0,31.128415,-1295.591827,0.157896,0.143113,0.0,23.359561,-0.007715,0.0,1295.63086,-30.126102,6.277923,1.0,0.0,0.0,0.0,1272.646801,-38.041926,1021.0,5006.0,0.0,129.0,-0.449775,34.909383,125.673779,34.898443,-0.873918,0.000338,0.189428,2.719426,0.002029,-0.204885,0.335,0.0,1.0,0.0,0.0,0.0,-9999.0,-9999.0,-9999.0,-9999.0,-9999.0,-9999.0,-9999.0,-9999.0,-9999.0,-9999.0,-9999.0,-9999.0,-9999.0,-9999.0
P21_HV1_1_interaction,active_and_state_lat_and_long_zero_last_source_row_continuous_segment,P21,HV1,1,on_ramp,P21_HV1_1,P21_HV1.1.asc,HV1,60,initiator_active,3202,1,53366.67,53366.6674,1.0,1.0,23.358247,84.089691,131.0,31.515672,-1295.98106,0.165637,0.144419,0.0,23.36229,-0.007914,0.0,1296.020191,-30.128248,6.278034,1.0,1.0,0.0,0.0,1273.228035,-38.067994,1021.0,5006.0,0.0,129.0,-0.474539,34.91141,125.681074,34.900616,-0.868045,0.00037,0.189123,2.707358,0.00175,-0.205827,0.335,0.002198,1.0,0.0,0.0,0.0,-9999.0,-9999.0,-9999.0,-9999.0,-9999.0,-9999.0,-9999.0,-9999.0,-9999.0,-9999.0,-9999.0,-9999.0,-9999.0,-9999.0
P21_HV1_1_interaction,active_and_state_lat_and_long_zero_last_source_row_continuous_segment,P21,HV1,1,on_ramp,P21_HV1_1,P21_HV1.1.asc,HV1,60,initiator_active,3203,1,53383.33,53383.3345,1.0,1.0,23.360877,84.099157,131.0,31.902919,-1296.370336,0.160343,0.145381,0.0,23.364987,-0.008093,0.0,1296.409568,-30.130355,6.278144,1.0,1.0,0.0,0.0,1273.809336,-38.093288,1021.0,5006.0,0.0,129.0,-0.498595,34.913182,125.687457,34.902566,-0.860919,0.000397,0.167656,2.68878,0.001481,-0.204414,0.335,0.002198,1.0,0.0,0.0,0.0,-9999.0,-9999.0,-9999.0,-9999.0,-9999.0,-9999.0,-9999.0,-9999.0,-9999.0,-9999.0,-9999.0,-9999.0,-9999.0,-9999.0
P21_HV1_1_interaction,active_and_state_lat_and_long_zero_last_source_row_continuous_segment,P21,HV1,1,on_ramp,P21_HV1_1,P21_HV1.1.asc,HV1,60,initiator_active,3204,1,53400.0,53400.0,1.0,1.0,23.36367,84.109213,131.0,32.290159,-1296.759657,0.163366,0.148474,0.0,23.36768,-0.008229,0.0,1296.79899,-30.132421,6.278255,1.0,1.0,0.0,0.0,1274.3907,-38.117814,1021.0,5006.0,0.0,129.0,-0.521944,34.914849,125.693455,34.904435,-0.852702,0.000418,0.164712,2.66839,0.001201,-0.204414,0.335,0.002198,1.0,0.0,0.0,0.0,-9999.0,-9999.0,-9999.0,-9999.0,-9999.0,-9999.0,-9999.0,-9999.0,-9999.0,-9999.0,-9999.0,-9999.0,-9999.0,-9999.0
P21_HV1_1_interaction,active_and_state_lat_and_long_zero_last_source_row_continuous_segment,P21,HV1,1,on_ramp,P21_HV1_1,P21_HV1.1.asc,HV1,60,initiator_active,3205,1,53416.68,53416.6803,1.0,1.0,23.366323,84.118762,131.0,32.677388,-1297.149021,0.176781,0.148098,0.0,23.370468,-0.008351,0.0,1297.188458,-30.134447,6.278366,1.0,1.0,0.0,0.0,1274.972123,-38.141578,1021.0,5006.0,0.0,129.0,-0.544588,34.916604,125.699774,34.906411,-0.843637,0.000435,0.179944,2.632466,0.000808,-0.198448,0.335,0.0,1.0,0.0,0.0,0.0,-9999.0,-9999.0,-9999.0,-9999.0,-9999.0,-9999.0,-9999.0,-9999.0,-9999.0,-9999.0,-9999.0,-9999.0,-9999.0,-9999.0
P21_HV1_1_interaction,active_and_state_lat_and_long_zero_last_source_row_continuous_segment,P21,HV1,1,on_ramp,P21_HV1_1,P21_HV1.1.asc,HV1,60,initiator_active,3206,1,53433.33,53433.3334,1.0,1.0,23.369041,84.128547,131.0,33.064609,-1297.538431,0.179307,0.148249,0.0,23.373351,-0.00848,0.0,1297.577972,-30.136431,6.278477,1.0,1.0,0.0,0.0,1275.553605,-38.164589,1021.0,5006.0,0.0,129.0,-0.566529,34.91862,125.707032,34.908664,-0.833769,0.000445,0.184822,2.59993,0.000509,-0.194994,0.335,0.0,1.0,0.0,0.0,0.0,-9999.0,-9999.0,-9999.0,-9999.0,-9999.0,-9999.0,-9999.0,-9999.0,-9999.0,-9999.0,-9999.0,-9999.0,-9999.0,-9999.0
P21_HV1_1_interaction,active_and_state_lat_and_long_zero_last_source_row_continuous_segment,P21,HV1,1,on_ramp,P21_HV1_1,P21_HV1.1.asc,HV1,60,initiator_active,3207,1,53450.02,53450.0173,1.0,1.0,23.371941,84.138988,131.0,33.451823,-1297.927887,0.182478,0.151038,0.0,23.376422,-0.008574,0.0,1297.967536,-30.138375,6.278588,1.0,1.0,0.0,0.0,1276.135148,-38.186856,1021.0,5006.0,0.0,129.0,-0.587772,34.920685,125.714465,34.910981,-0.823176,0.000451,0.185463,2.565762,0.00027,-0.191697,0.335,0.0,1.0,0.0,0.0,0.0,-9999.0,-9999.0,-9999.0,-9999.0,-9999.0,-9999.0,-9999.0,-9999.0,-9999.0,-9999.0,-9999.0,-9999.0,-9999.0,-9999.0
P21_HV1_1_interaction,active_and_state_lat_and_long_zero_last_source_row_continuous_segment,P21,HV1,1,on_ramp,P21_HV1_1,P21_HV1.1.asc,HV1,60,initiator_active,3208,1,53466.67,53466.6672,1.0,1.0,23.374845,84.149442,150.0,0.23674,-1298.31739,0.181592,0.150537,0.0,23.379444,-0.008658,0.0,1298.357151,-30.140276,6.2787,1.0,1.0,0.0,0.0,1276.716753,-38.208388,1021.0,5006.0,0.0,129.0,-0.608322,34.922783,125.72202,34.913345,-0.811896,0.000455,0.185728,2.534976,0.000165,-0.190755,0.335,0.0,1.0,0.0,0.0,0.0,-9999.0,-9999.0,-9999.0,-9999.0,-9999.0,-9999.0,-9999.0,-9999.0,-9999.0,-9999.0,-9999.0,-9999.0,-9999.0,-9999.0
P21_HV1_1_interaction,active_and_state_lat_and_long_zero_last_source_row_continuous_segment,P21,HV1,1,on_ramp,P21_HV1_1,P21_HV1.1.asc,HV1,60,initiator_active,3209,1,53483.34,53483.3373,1.0,1.0,23.377942,84.160591,150.0,0.627296,-1298.706944,0.174652,0.14828,0.0,23.382437,-0.008779,0.0,1298.746816,-30.142137,6.278811,1.0,1.0,0.0,0.0,1277.298419,-38.229197,1021.0,5006.0,0.0,129.0,-0.628184,34.92491,125.729677,34.915748,-0.799942,0.000457,0.185741,2.507622,0.000142,-0.19311,0.335,0.0,1.0,0.0,0.0,0.0,-9999.0,-9999.0,-9999.0,-9999.0,-9999.0,-9999.0,-9999.0,-9999.0,-9999.0,-9999.0,-9999.0,-9999.0,-9999.0,-9999.0
P21_HV1_1_interaction,active_and_state_lat_and_long_zero_last_source_row_continuous_segment,P21,HV1,1,on_ramp,P21_HV1_1,P21_HV1.1.asc,HV1,60,initiator_active,3210,1,53500.0,53500.0008,1.0,1.0,23.380957,84.171444,150.0,1.017898,-1299.096548,0.17412,0.149684,0.0,23.385342,-0.008893,0.0,1299.136531,-30.143956,6.278922,1.0,1.0,0.0,0.0,1277.880145,-38.249291,1021.0,5006.0,0.0,129.0,-0.647361,34.927059,125.737414,34.918184,-0.787342,0.00046,0.185427,2.486367,0.000139,-0.197977,0.335,0.0,1.0,0.0,0.0,0.0,-9999.0,-9999.0,-9999.0,-9999.0,-9999.0,-9999.0,-9999.0,-9999.0,-9999.0,-9999.0,-9999.0,-9999.0,-9999.0,-9999.0
P21_HV1_1_interaction,active_and_state_lat_and_long_zero_last_source_row_continuous_segment,P21,HV1,1,on_ramp,P21_HV1_1,P21_HV1.1.asc,HV1,60,initiator_active,3211,1,53516.67,53516.6675,1.0,1.0,23.383892,84.182009,150.0,1.408543,-1299.4862,0.178299,0.150556,0.0,23.388244,-0.008976,0.0,1299.526295,-30.145734,6.279032,1.0,1.0,0.0,0.0,1278.46193,-38.268678,1021.0,5006.0,0.0,129.0,-0.665858,34.929225,125.745211,34.920645,-0.774174,0.000461,0.184978,2.465494,7.8e-05,-0.203629,0.335,0.0,1.0,0.0,0.0,0.0,-9999.0,-9999.0,-9999.0,-9999.0,-9999.0,-9999.0,-9999.0,-9999.0,-9999.0,-9999.0,-9999.0,-9999.0,-9999.0,-9999.0
P21_HV1_1_interaction,active_and_state_lat_and_long_zero_last_source_row_continuous_segment,P21,HV1,1,on_ramp,P21_HV1_1,P21_HV1.1.asc,HV1,60,initiator_active,3212,1,53533.33,53533.334,1.0,1.0,23.386792,84.192453,150.0,1.799232,-1299.8759,0.185468,0.151004,0.0,23.391238,-0.009041,0.0,1299.916107,-30.147471,6.279142,1.0,1.0,0.0,0.0,1279.043774,-38.287367,1021.0,5006.0,0.0,129.0,-0.683678,34.931408,125.75307,34.923126,-0.760616,0.000461,0.184665,2.440093,-7.2e-05,-0.207711,0.335,0.0,1.0,0.0,0.0,0.0,-9999.0,-9999.0,-9999.0,-9999.0,-9999.0,-9999.0,-9999.0,-9999.0,-9999.0,-9999.0,-9999.0,-9999.0,-9999.0,-9999.0
P21_HV1_1_interaction,active_and_state_lat_and_long_zero_last_source_row_continuous_segment,P21,HV1,1,on_ramp,P21_HV1_1,P21_HV1.1.asc,HV1,60,initiator_active,3213,1,53550.0,53550.0007,1.0,1.0,23.389729,84.203025,150.0,2.189964,-1300.265648,0.184084,0.148953,0.0,23.39435,-0.009122,0.0,1300.30597,-30.149166,6.279252,1.0,1.0,0.0,0.0,1279.625675,-38.305367,1021.0,5006.0,0.0,129.0,-0.700824,34.933614,125.76101,34.925629,-0.746871,0.000458,0.184549,2.41092,-0.000319,-0.21038,0.335,0.0,1.0,0.0,0.0,0.0,-9999.0,-9999.0,-9999.0,-9999.0,-9999.0,-9999.0,-9999.0,-9999.0,-9999.0,-9999.0,-9999.0,-9999.0,-9999.0,-9999.0
P21_HV1_1_interaction,active_and_state_lat_and_long_zero_last_source_row_continuous_segment,P21,HV1,1,on_ramp,P21_HV1_1,P21_HV1.1.asc,HV1,60,initiator_active,3214,1,53566.67,53566.6676,1.0,1.0,23.392783,84.214019,150.0,2.580741,-1300.655446,0.137109,0.146853,0.0,23.397357,-0.009191,0.0,1300.695885,-30.15082,6.279361,1.0,1.0,0.0,0.0,1280.207634,-38.322686,1021.0,5006.0,0.0,129.0,-0.717299,34.935846,125.769045,34.928153,-0.733114,0.00045,0.184619,2.376686,-0.000602,-0.210851,0.335,0.002198,1.0,0.0,0.0,0.0,-9999.0,-9999.0,-9999.0,-9999.0,-9999.0,-9999.0,-9999.0,-9999.0,-9999.0,-9999.0,-9999.0,-9999.0,-9999.0,-9999.0
P21_HV1_1_interaction,active_and_state_lat_and_long_zero_last_source_row_continuous_segment,P21,HV1,1,on_ramp,P21_HV1_1,P21_HV1.1.asc,HV1,60,initiator_active,3215,1,53583.33,53583.3346,1.0,1.0,23.395883,84.225179,150.0,2.971564,-1301.045294,0.238579,0.147165,0.0,23.399731,-0.009275,0.0,1301.085847,-30.152433,6.27947,1.0,1.0,0.0,0.0,1280.789648,-38.339334,1021.0,5006.0,0.0,129.0,-0.73311,34.937854,125.776274,34.930445,-0.719477,0.000437,0.164483,2.341381,-0.000891,-0.210223,0.335,0.0,1.0,0.0,0.0,0.0,-9999.0,-9999.0,-9999.0,-9999.0,-9999.0,-9999.0,-9999.0,-9999.0,-9999.0,-9999.0,-9999.0,-9999.0,-9999.0,-9999.0
P21_HV1_1_interaction,active_and_state_lat_and_long_zero_last_source_row_continuous_segment,P21,HV1,1,on_ramp,P21_HV1_1,P21_HV1.1.asc,HV1,60,initiator_active,3216,1,53600.0,53600.0001,1.0,1.0,23.398499,84.234595,150.0,3.362429,-1301.435189,0.233041,0.146137,0.0,23.404142,-0.00935,0.0,1301.475856,-30.154006,6.279578,1.0,1.0,0.0,0.0,1281.371716,-38.355321,1021.0,5006.0,0.0,129.0,-0.74826,34.940043,125.784154,34.932909,-0.706025,0.000419,0.183469,2.306513,-0.001215,-0.209752,0.335,0.0,1.0,0.0,0.0,0.0,-9999.0,-9999.0,-9999.0,-9999.0,-9999.0,-9999.0,-9999.0,-9999.0,-9999.0,-9999.0,-9999.0,-9999.0,-9999.0,-9999.0
P21_HV1_1_interaction,active_and_state_lat_and_long_zero_last_source_row_continuous_segment,P21,HV1,1,on_ramp,P21_HV1_1,P21_HV1.1.asc,HV1,60,initiator_active,3217,1,53616.67,53616.6667,1.0,1.0,23.401719,84.246187,150.0,3.753335,-1301.82513,0.175716,0.145299,0.0,23.407587,-0.009419,0.0,1301.865938,-30.155538,6.279685,1.0,1.0,0.0,0.0,1281.953836,-38.370659,1021.0,5006.0,0.0,129.0,-0.762757,34.942351,125.792465,34.935483,-0.692808,0.000395,0.184601,2.27232,-0.001551,-0.210223,0.335,0.002198,1.0,0.0,0.0,0.0,-9999.0,-9999.0,-9999.0,-9999.0,-9999.0,-9999.0,-9999.0,-9999.0,-9999.0,-9999.0,-9999.0,-9999.0,-9999.0,-9999.0
P21_HV1_1_interaction,active_and_state_lat_and_long_zero_last_source_row_continuous_segment,P21,HV1,1,on_ramp,P21_HV1_1,P21_HV1.1.asc,HV1,60,initiator_active,3218,1,53633.33,53633.3336,1.0,1.0,23.406084,84.261902,150.0,4.144309,-1302.215142,0.180037,0.14491,0.0,23.410522,-0.009491,0.0,1302.256074,-30.15703,6.279791,1.0,1.0,0.0,0.0,1282.536011,-38.385357,1021.0,5006.0,0.0,129.0,-0.776603,34.94444,125.799984,34.937826,-0.679858,0.000367,0.164602,2.239928,-0.001781,-0.211322,0.335,0.002198,1.0,0.0,0.0,0.0,-9999.0,-9999.0,-9999.0,-9999.0,-9999.0,-9999.0,-9999.0,-9999.0,-9999.0,-9999.0,-9999.0,-9999.0,-9999.0,-9999.0
P21_HV1_1_interaction,active_and_state_lat_and_long_zero_last_source_row_continuous_segment,P21,HV1,1,on_ramp,P21_HV1_1,P21_HV1.1.asc,HV1,60,initiator_active,3219,1,53650.0,53650.0002,1.0,1.0,23.409051,84.272582,150.0,4.535331,-1302.605208,0.180608,0.140808,0.0,23.413551,-0.00954,0.0,1302.646259,-30.158482,6.279895,1.0,1.0,0.0,0.0,1283.118236,-38.399425,1021.0,5006.0,0.0,129.0,-0.789806,34.946454,125.807235,34.940084,-0.667214,0.000336,0.163387,2.207137,-0.001943,-0.211322,0.335,0.002198,1.0,0.0,0.0,0.0,-9999.0,-9999.0,-9999.0,-9999.0,-9999.0,-9999.0,-9999.0,-9999.0,-9999.0,-9999.0,-9999.0,-9999.0,-9999.0,-9999.0
P21_HV1_1_interaction,active_and_state_lat_and_long_zero_last_source_row_continuous_segment,P21,HV1,1,on_ramp,P21_HV1_1,P21_HV1.1.asc,HV1,60,initiator_active,3220,1,53666.67,53666.6727,1.0,1.0,23.412022,84.283278,150.0,4.926397,-1302.995322,0.179139,0.140369,0.0,23.416506,-0.009588,0.0,1303.036494,-30.159896,6.279998,1.0,1.0,0.0,0.0,1283.70051,-38.412873,1021.0,5006.0,0.0,129.0,-0.802369,34.948572,125.814859,34.942436,-0.654847,0.000301,0.17893,2.182531,-0.002164,-0.214619,0.335,0.0,1.0,0.0,0.0,0.0,-9999.0,-9999.0,-9999.0,-9999.0,-9999.0,-9999.0,-9999.0,-9999.0,-9999.0,-9999.0,-9999.0,-9999.0,-9999.0,-9999.0
P21_HV1_1_interaction,active_and_state_lat_and_long_zero_last_source_row_continuous_segment,P21,HV1,1,on_ramp,P21_HV1_1,P21_HV1.1.asc,HV1,60,initiator_active,3221,1,53683.33,53683.3337,1.0,1.0,23.415055,84.2942,150.0,5.317508,-1303.385486,0.185711,0.137178,0.0,23.419536,-0.009636,0.0,1303.426779,-30.16127,6.280099,1.0,1.0,0.0,0.0,1284.282833,-38.425709,1021.0,5006.0,0.0,129.0,-0.814296,34.950953,125.823432,34.945041,-0.642873,0.000264,0.18412,2.151742,-0.002271,-0.214776,0.335,0.0,1.0,0.0,0.0,0.0,-9999.0,-9999.0,-9999.0,-9999.0,-9999.0,-9999.0,-9999.0,-9999.0,-9999.0,-9999.0,-9999.0,-9999.0,-9999.0,-9999.0
P21_HV1_1_interaction,active_and_state_lat_and_long_zero_last_source_row_continuous_segment,P21,HV1,1,on_ramp,P21_HV1_1,P21_HV1.1.asc,HV1,60,initiator_active,3222,1,53700.0,53700.0012,1.0,1.0,23.417998,84.304794,150.0,5.708663,-1303.775698,0.153389,0.134736,0.0,23.422631,-0.009691,0.0,1303.817115,-30.162607,6.280199,1.0,0.0,0.0,0.0,1284.865208,-38.437943,1021.0,5006.0,0.0,129.0,-0.82559,34.95338,125.832169,34.947678,-0.631351,0.000226,0.184726,2.121617,-0.002325,-0.213834,0.335,0.0,1.0,0.0,0.0,0.0,-9999.0,-9999.0,-9999.0,-9999.0,-9999.0,-9999.0,-9999.0,-9999.0,-9999.0,-9999.0,-9999.0,-9999.0,-9999.0,-9999.0
P21_HV1_1_interaction,active_and_state_lat_and_long_zero_last_source_row_continuous_segment,P21,HV1,1,on_ramp,P21_HV1_1,P21_HV1.1.asc,HV1,60,initiator_active,3223,1,53716.67,53716.6731,1.0,1.0,23.421083,84.3159,150.0,6.099863,-1304.165961,0.173229,0.131314,0.0,23.425201,-0.009748,0.0,1304.207501,-30.163906,6.280296,1.0,0.0,0.0,0.0,1285.447635,-38.449584,1021.0,5006.0,0.0,129.0,-0.836257,34.955833,125.840999,34.950329,-0.6203,0.000187,0.184951,2.092717,-0.002268,-0.213834,0.335,0.0,1.0,0.0,0.0,0.0,-9999.0,-9999.0,-9999.0,-9999.0,-9999.0,-9999.0,-9999.0,-9999.0,-9999.0,-9999.0,-9999.0,-9999.0,-9999.0,-9999.0
P21_HV1_1_interaction,active_and_state_lat_and_long_zero_last_source_row_continuous_segment,P21,HV1,1,on_ramp,P21_HV1_1,P21_HV1.1.asc,HV1,60,initiator_active,3224,1,53733.33,53733.3342,1.0,1.0,23.423909,84.326071,150.0,6.491108,-1304.556272,0.187528,0.127249,0.0,23.428174,-0.009815,0.0,1304.597931,-30.165169,6.280391,1.0,0.0,0.0,0.0,1286.030115,-38.460639,1021.0,5006.0,0.0,129.0,-0.846298,34.958311,125.849919,34.952992,-0.609802,0.000151,0.185308,2.057559,-0.002143,-0.21038,0.335,0.0,1.0,0.0,0.0,0.0,-9999.0,-9999.0,-9999.0,-9999.0,-9999.0,-9999.0,-9999.0,-9999.0,-9999.0,-9999.0,-9999.0,-9999.0,-9999.0,-9999.0
P21_HV1_1_interaction,active_and_state_lat_and_long_zero_last_source_row_continuous_segment,P21,HV1,1,on_ramp,P21_HV1_1,P21_HV1.1.asc,HV1,60,initiator_active,3225,1,53750.0,53750.0008,1.0,1.0,23.426644,84.335919,150.0,6.882391,-1304.946627,0.191362,0.120437,0.0,23.431301,-0.009876,0.0,1304.988411,-30.166397,6.280483,1.0,0.0,0.0,0.0,1286.612646,-38.471119,1021.0,5006.0,0.0,129.0,-0.855719,34.960812,125.858922,34.955666,-0.5998,0.000117,0.185437,2.031174,-0.001998,-0.21038,0.335,0.0,1.0,0.0,0.0,0.0,-9999.0,-9999.0,-9999.0,-9999.0,-9999.0,-9999.0,-9999.0,-9999.0,-9999.0,-9999.0,-9999.0,-9999.0,-9999.0,-9999.0
P21_HV1_1_interaction,active_and_state_lat_and_long_zero_last_source_row_continuous_segment,P21,HV1,1,on_ramp,P21_HV1_1,P21_HV1.1.asc,HV1,60,initiator_active,3226,1,53766.67,53766.6669,1.0,1.0,23.429736,84.347051,150.0,7.27372,-1305.337031,0.191027,0.11649,0.0,23.434476,-0.009947,0.0,1305.378944,-30.167592,6.280571,1.0,0.0,0.0,0.0,1287.195229,-38.481031,1021.0,5006.0,0.0,129.0,-0.864522,34.963333,125.867999,34.95835,-0.590298,8.5e-05,0.185615,2.002193,-0.001844,-0.208653,0.335,0.0,1.0,0.0,0.0,0.0,-9999.0,-9999.0,-9999.0,-9999.0,-9999.0,-9999.0,-9999.0,-9999.0,-9999.0,-9999.0,-9999.0,-9999.0,-9999.0,-9999.0
P21_HV1_1_interaction,active_and_state_lat_and_long_zero_last_source_row_continuous_segment,P21,HV1,1,on_ramp,P21_HV1_1,P21_HV1.1.asc,HV1,60,initiator_active,3227,1,53783.33,53783.3335,1.0,1.0,23.432895,84.358422,150.0,7.665095,-1305.727488,0.186538,0.111493,0.0,23.437643,-0.010005,0.0,1305.76953,-30.168754,6.280655,1.0,0.0,0.0,0.0,1287.777863,-38.490384,1021.0,5006.0,0.0,129.0,-0.87271,34.965874,125.877147,34.961042,-0.581298,5.6e-05,0.185832,1.972711,-0.001692,-0.206141,0.335,0.0,1.0,0.0,0.0,0.0,-9999.0,-9999.0,-9999.0,-9999.0,-9999.0,-9999.0,-9999.0,-9999.0,-9999.0,-9999.0,-9999.0,-9999.0,-9999.0,-9999.0
P21_HV1_1_interaction,active_and_state_lat_and_long_zero_last_source_row_continuous_segment,P21,HV1,1,on_ramp,P21_HV1_1,P21_HV1.1.asc,HV1,60,initiator_active,3228,1,53800.01,53800.0071,1.0,1.0,23.436067,84.369842,150.0,8.056518,-1306.117996,0.186036,0.106239,0.0,23.440747,-0.01003,0.0,1306.160169,-30.169886,6.280735,1.0,0.0,0.0,0.0,1288.360548,-38.499185,1021.0,5006.0,0.0,129.0,-0.880287,34.968433,125.886359,34.963742,-0.572734,2.9e-05,0.185908,1.949929,-0.00155,-0.206141,0.335,0.002198,1.0,0.0,0.0,0.0,-9999.0,-9999.0,-9999.0,-9999.0,-9999.0,-9999.0,-9999.0,-9999.0,-9999.0,-9999.0,-9999.0,-9999.0,-9999.0,-9999.0
P21_HV1_1_interaction,active_and_state_lat_and_long_zero_last_source_row_continuous_segment,P21,HV1,1,on_ramp,P21_HV1_1,P21_HV1.1.asc,HV1,60,initiator_active,3229,1,53816.67,53816.6678,1.0,1.0,23.439197,84.381108,150.0,8.447988,-1306.508557,0.18344,0.100581,0.0,23.443814,-0.010062,0.0,1306.550859,-30.170988,6.280811,1.0,0.0,0.0,0.0,1288.943282,-38.507441,1021.0,5006.0,0.0,129.0,-0.887255,34.970754,125.894714,34.966196,-0.564585,5e-06,0.165723,1.928142,-0.00138,-0.206926,0.335,0.002198,1.0,0.0,0.0,0.0,-9999.0,-9999.0,-9999.0,-9999.0,-9999.0,-9999.0,-9999.0,-9999.0,-9999.0,-9999.0,-9999.0,-9999.0,-9999.0,-9999.0
P21_HV1_1_interaction,active_and_state_lat_and_long_zero_last_source_row_continuous_segment,P21,HV1,1,on_ramp,P21_HV1_1,P21_HV1.1.asc,HV1,60,initiator_active,3230,1,53833.33,53833.334,1.0,1.0,23.442297,84.392268,150.0,8.839504,-1306.899168,0.186554,0.090553,0.0,23.446892,-0.010081,0.0,1306.941601,-30.172063,6.280881,1.0,0.0,0.0,0.0,1289.526064,-38.51516,1021.0,5006.0,0.0,129.0,-0.893615,34.972987,125.902752,34.968553,-0.556848,-1.6e-05,0.164355,1.908749,-0.001228,-0.207711,0.335,0.0,1.0,0.0,0.0,0.0,-9999.0,-9999.0,-9999.0,-9999.0,-9999.0,-9999.0,-9999.0,-9999.0,-9999.0,-9999.0,-9999.0,-9999.0,-9999.0,-9999.0
P21_HV1_1_interaction,active_and_state_lat_and_long_zero_last_source_row_continuous_segment,P21,HV1,1,on_ramp,P21_HV1_1,P21_HV1.1.asc,HV1,60,initiator_active,3231,1,53850.0,53850.0001,1.0,1.0,23.445342,84.403232,150.0,9.231066,-1307.28983,0.1866,0.086522,0.0,23.450001,-0.010092,0.0,1307.332394,-30.173113,6.280946,1.0,0.0,0.0,0.0,1290.10889,-38.522348,1021.0,5006.0,0.0,129.0,-0.899367,34.975474,125.911708,34.971157,-0.549515,-3.6e-05,0.184239,1.890991,-0.001157,-0.208496,0.335,0.002198,1.0,0.0,0.0,0.0,-9999.0,-9999.0,-9999.0,-9999.0,-9999.0,-9999.0,-9999.0,-9999.0,-9999.0,-9999.0,-9999.0,-9999.0,-9999.0,-9999.0
P21_HV1_1_interaction,active_and_state_lat_and_long_zero_last_source_row_continuous_segment,P21,HV1,1,on_ramp,P21_HV1_1,P21_HV1.1.asc,HV1,60,initiator_active,3232,1,53866.67,53866.674,1.0,1.0,23.448446,84.414405,150.0,9.622674,-1307.680544,0.186538,0.078525,0.0,23.45311,-0.010044,0.0,1307.723238,-30.174139,6.281004,1.0,0.0,0.0,0.0,1290.691762,-38.529009,1021.0,5006.0,0.0,129.0,-0.904513,34.977818,125.920146,34.973609,-0.542607,-5.4e-05,0.165249,1.87234,-0.001049,-0.208496,0.335,0.002198,1.0,0.0,0.0,0.0,-9999.0,-9999.0,-9999.0,-9999.0,-9999.0,-9999.0,-9999.0,-9999.0,-9999.0,-9999.0,-9999.0,-9999.0,-9999.0,-9999.0
P21_HV1_1_interaction,active_and_state_lat_and_long_zero_last_source_row_continuous_segment,P21,HV1,1,on_ramp,P21_HV1_1,P21_HV1.1.asc,HV1,60,initiator_active,3233,1,53883.34,53883.3392,1.0,1.0,23.451555,84.4256,150.0,10.014329,-1308.071308,0.190862,0.072113,0.0,23.456319,-0.009963,0.0,1308.114135,-30.175143,6.281056,1.0,0.0,0.0,0.0,1291.27468,-38.535149,1021.0,5006.0,0.0,129.0,-0.909053,34.980171,125.928616,34.976062,-0.536134,-7.1e-05,0.180134,1.855327,-0.000949,-0.207868,0.335,0.002198,1.0,0.0,0.0,0.0,-9999.0,-9999.0,-9999.0,-9999.0,-9999.0,-9999.0,-9999.0,-9999.0,-9999.0,-9999.0,-9999.0,-9999.0,-9999.0,-9999.0
P21_HV1_1_interaction,active_and_state_lat_and_long_zero_last_source_row_continuous_segment,P21,HV1,1,on_ramp,P21_HV1_1,P21_HV1.1.asc,HV1,60,initiator_active,3234,1,53900.0,53900.0005,1.0,1.0,23.454664,84.436791,150.0,10.40603,-1308.462124,0.182747,0.06645,0.0,23.459414,-0.00982,0.0,1308.505086,-30.176128,6.281101,1.0,0.0,0.0,0.0,1291.857642,-38.540773,1021.0,5006.0,0.0,129.0,-0.912987,34.98252,125.93707,34.978503,-0.530111,-8.4e-05,0.164985,1.836977,-0.000741,-0.206769,0.335,0.002198,1.0,0.0,0.0,0.0,-9999.0,-9999.0,-9999.0,-9999.0,-9999.0,-9999.0,-9999.0,-9999.0,-9999.0,-9999.0,-9999.0,-9999.0,-9999.0,-9999.0
P21_HV1_1_interaction,active_and_state_lat_and_long_zero_last_source_row_continuous_segment,P21,HV1,1,on_ramp,P21_HV1_1,P21_HV1.1.asc,HV1,60,initiator_active,3235,1,53916.67,53916.6675,1.0,1.0,23.457909,84.448472,150.0,10.797779,-1308.852993,0.186334,0.061546,0.0,23.462484,-0.009619,0.0,1308.896087,-30.177094,6.28114,1.0,0.0,0.0,0.0,1292.440648,-38.545887,1021.0,5006.0,0.0,129.0,-0.916314,34.9848,125.945281,34.980867,-0.524562,-9.4e-05,0.164287,1.816318,-0.000562,-0.204257,0.335,0.002198,1.0,0.0,0.0,0.0,-9999.0,-9999.0,-9999.0,-9999.0,-9999.0,-9999.0,-9999.0,-9999.0,-9999.0,-9999.0,-9999.0,-9999.0,-9999.0,-9999.0
P21_HV1_1_interaction,active_and_state_lat_and_long_zero_last_source_row_continuous_segment,P21,HV1,1,on_ramp,P21_HV1_1,P21_HV1.1.asc,HV1,60,initiator_active,3236,1,53933.33,53933.3336,1.0,1.0,23.460937,84.459373,150.0,11.189574,-1309.243913,0.182451,0.057003,0.0,23.46559,-0.009352,0.0,1309.28714,-30.178044,6.281172,1.0,0.0,0.0,0.0,1293.023697,-38.550494,1021.0,5006.0,0.0,129.0,-0.919035,34.987089,125.953521,34.983232,-0.519505,-0.000102,0.1644,1.793365,-0.000393,-0.200175,0.335,0.0,1.0,0.0,0.0,0.0,-9999.0,-9999.0,-9999.0,-9999.0,-9999.0,-9999.0,-9999.0,-9999.0,-9999.0,-9999.0,-9999.0,-9999.0,-9999.0,-9999.0
P21_HV1_1_interaction,active_and_state_lat_and_long_zero_last_source_row_continuous_segment,P21,HV1,1,on_ramp,P21_HV1_1,P21_HV1.1.asc,HV1,60,initiator_active,3237,1,53950.0,53950.0008,1.0,1.0,23.464036,84.470531,150.0,11.581416,-1309.634884,0.18731,0.049815,0.0,23.468607,-0.009032,0.0,1309.678245,-30.178978,6.281198,1.0,0.0,0.0,0.0,1293.606787,-38.554602,1021.0,5006.0,0.0,129.0,-0.92115,34.989644,125.962719,34.985855,-0.51492,-0.000108,0.184896,1.770271,-0.00028,-0.195465,0.335,0.002198,1.0,0.0,0.0,0.0,-9999.0,-9999.0,-9999.0,-9999.0,-9999.0,-9999.0,-9999.0,-9999.0,-9999.0,-9999.0,-9999.0,-9999.0,-9999.0,-9999.0
P21_HV1_1_interaction,active_and_state_lat_and_long_zero_last_source_row_continuous_segment,P21,HV1,1,on_ramp,P21_HV1_1,P21_HV1.1.asc,HV1,60,initiator_active,3238,1,53966.67,53966.6668,1.0,1.0,23.46711,84.481597,150.0,11.973303,-1310.025906,0.188378,0.046481,0.0,23.47171,-0.008658,0.0,1310.0694,-30.179899,6.281217,1.0,0.0,0.0,0.0,1294.189923,-38.558215,1021.0,5006.0,0.0,129.0,-0.92266,34.992062,125.971423,34.988334,-0.51076,-0.000111,0.166338,1.746959,-0.000138,-0.190284,0.335,0.0,1.0,0.0,0.0,0.0,-9999.0,-9999.0,-9999.0,-9999.0,-9999.0,-9999.0,-9999.0,-9999.0,-9999.0,-9999.0,-9999.0,-9999.0,-9999.0,-9999.0
P21_HV1_1_interaction,active_and_state_lat_and_long_zero_last_source_row_continuous_segment,P21,HV1,1,on_ramp,P21_HV1_1,P21_HV1.1.asc,HV1,60,initiator_active,3239,1,53983.33,53983.3342,1.0,1.0,23.470168,84.492605,150.0,12.365235,-1310.416979,0.186953,0.038981,0.0,23.474855,-0.008238,0.0,1310.460607,-30.180808,6.28123,1.0,0.0,0.0,0.0,1294.773102,-38.561339,1021.0,5006.0,0.0,129.0,-0.923564,34.994655,125.980759,34.990983,-0.506964,-0.000113,0.185881,1.724093,-1.4e-05,-0.184789,0.335,0.0,1.0,0.0,0.0,0.0,-9999.0,-9999.0,-9999.0,-9999.0,-9999.0,-9999.0,-9999.0,-9999.0,-9999.0,-9999.0,-9999.0,-9999.0,-9999.0,-9999.0
P21_HV1_1_interaction,active_and_state_lat_and_long_zero_last_source_row_continuous_segment,P21,HV1,1,on_ramp,P21_HV1_1,P21_HV1.1.asc,HV1,60,initiator_active,3240,1,54000.01,54000.0062,1.0,1.0,23.47328,84.503807,150.0,12.757214,-1310.808103,0.186273,0.029962,0.0,23.477966,-0.00781,0.0,1310.851866,-30.181706,6.281238,1.0,0.0,0.0,0.0,1295.356327,-38.563979,1021.0,5006.0,0.0,129.0,-0.923864,34.997357,125.990487,34.993736,-0.503461,-0.000112,0.187362,1.702524,7.1e-05,-0.179608,0.335,0.0,1.0,0.0,0.0,0.0,-9999.0,-9999.0,-9999.0,-9999.0,-9999.0,-9999.0,-9999.0,-9999.0,-9999.0,-9999.0,-9999.0,-9999.0,-9999.0,-9999.0
P21_HV1_1_interaction,active_and_state_lat_and_long_zero_last_source_row_continuous_segment,P21,HV1,1,on_ramp,P21_HV1_1,P21_HV1.1.asc,HV1,60,initiator_active,3241,1,54016.67,54016.6668,1.0,1.0,23.476413,84.515086,150.0,13.14924,-1311.19928,0.165494,0.024831,0.0,23.48087,-0.007377,0.0,1311.243178,-30.182596,6.28124,1.0,0.0,0.0,0.0,1295.939598,-38.566141,1021.0,5006.0,0.0,129.0,-0.92356,35.00008,126.000286,34.996506,-0.500167,-0.00011,0.18784,1.683227,0.000155,-0.175212,0.335,0.0,1.0,0.0,0.0,0.0,-9999.0,-9999.0,-9999.0,-9999.0,-9999.0,-9999.0,-9999.0,-9999.0,-9999.0,-9999.0,-9999.0,-9999.0,-9999.0,-9999.0
P21_HV1_1_interaction,active_and_state_lat_and_long_zero_last_source_row_continuous_segment,P21,HV1,1,on_ramp,P21_HV1_1,P21_HV1.1.asc,HV1,60,initiator_active,3242,1,54033.33,54033.3339,1.0,1.0,23.479518,84.526266,150.0,13.541312,-1311.590508,0.184379,0.019374,0.0,23.483728,-0.006918,0.0,1311.634536,-30.183479,6.281236,1.0,1.0,0.0,0.0,1296.522916,-38.567829,1021.0,5006.0,0.0,129.0,-0.922652,35.002815,126.010135,34.999286,-0.497023,-0.000107,0.188197,1.662619,0.000236,-0.170031,0.335,0.0,1.0,0.0,0.0,0.0,-9999.0,-9999.0,-9999.0,-9999.0,-9999.0,-9999.0,-9999.0,-9999.0,-9999.0,-9999.0,-9999.0,-9999.0,-9999.0,-9999.0
P21_HV1_1_interaction,active_and_state_lat_and_long_zero_last_source_row_continuous_segment,P21,HV1,1,on_ramp,P21_HV1_1,P21_HV1.1.asc,HV1,60,initiator_active,3243,1,54050.0,54050.0009,1.0,1.0,23.482249,84.536095,150.0,13.933426,-1311.981783,0.187885,0.00979,0.0,23.486828,-0.006429,0.0,1312.025943,-30.184357,6.281227,1.0,1.0,0.0,0.0,1297.106281,-38.569049,1021.0,5006.0,0.0,129.0,-0.921139,35.005563,126.020028,35.002078,-0.493991,-0.000102,0.188484,1.642592,0.000293,-0.165007,0.335,0.0,1.0,0.0,0.0,0.0,-9999.0,-9999.0,-9999.0,-9999.0,-9999.0,-9999.0,-9999.0,-9999.0,-9999.0,-9999.0,-9999.0,-9999.0,-9999.0,-9999.0
P21_HV1_1_interaction,active_and_state_lat_and_long_zero_last_source_row_continuous_segment,P21,HV1,1,on_ramp,P21_HV1_1,P21_HV1.1.asc,HV1,60,initiator_active,3244,1,54066.67,54066.6676,1.0,1.0,23.485264,84.546951,150.0,14.325583,-1312.373106,0.187194,0.003815,0.0,23.489956,-0.005943,0.0,1312.417402,-30.185233,6.281213,1.0,1.0,0.0,0.0,1297.689692,-38.569806,1021.0,5006.0,0.0,148.0,-0.919022,35.008323,126.029964,35.00488,-0.491016,-9.7e-05,0.188752,1.622714,0.000329,-0.159983,0.335,0.0,1.0,0.0,0.0,0.0,-9999.0,-9999.0,-9999.0,-9999.0,-9999.0,-9999.0,-9999.0,-9999.0,-9999.0,-9999.0,-9999.0,-9999.0,-9999.0,-9999.0
P21_HV1_1_interaction,active_and_state_lat_and_long_zero_last_source_row_continuous_segment,P21,HV1,1,on_ramp,P21_HV1_1,P21_HV1.1.asc,HV1,60,initiator_active,3245,1,54083.33,54083.3342,1.0,1.0,23.488393,84.558217,150.0,14.717787,-1312.764482,0.186758,-0.003121,0.0,23.493074,-0.005471,0.0,1312.808913,-30.186108,6.281194,1.0,1.0,0.0,0.0,1298.27315,-38.570104,1021.0,5006.0,0.0,148.0,-0.916402,35.011095,126.039941,35.007693,-0.488056,-9.2e-05,0.189022,1.602185,0.000344,-0.154645,0.335,0.0,1.0,0.0,0.0,0.0,-9999.0,-9999.0,-9999.0,-9999.0,-9999.0,-9999.0,-9999.0,-9999.0,-9999.0,-9999.0,-9999.0,-9999.0,-9999.0,-9999.0
P21_HV1_1_interaction,active_and_state_lat_and_long_zero_last_source_row_continuous_segment,P21,HV1,1,on_ramp,P21_HV1_1,P21_HV1.1.asc,HV1,60,initiator_active,3246,1,54100.0,54100.0005,1.0,1.0,23.491516,84.569459,150.0,15.110038,-1313.15591,0.186545,-0.007179,0.0,23.496186,-0.004982,0.0,1313.200476,-30.186983,6.28117,1.0,1.0,0.0,0.0,1298.856654,-38.569948,1021.0,5006.0,0.0,148.0,-0.913387,35.013878,126.04996,35.010517,-0.485079,-8.6e-05,0.189291,1.580572,0.000345,-0.148836,0.335,0.002198,1.0,0.0,0.0,0.0,-9999.0,-9999.0,-9999.0,-9999.0,-9999.0,-9999.0,-9999.0,-9999.0,-9999.0,-9999.0,-9999.0,-9999.0,-9999.0,-9999.0
P21_HV1_1_interaction,active_and_state_lat_and_long_zero_last_source_row_continuous_segment,P21,HV1,1,on_ramp,P21_HV1_1,P21_HV1.1.asc,HV1,60,initiator_active,3247,1,54116.67,54116.675,1.0,1.0,23.494631,84.58067,150.0,15.502335,-1313.54739,0.186407,-0.013058,0.0,23.499295,-0.004445,0.0,1313.592091,-30.187861,6.281142,1.0,1.0,0.0,0.0,1299.440203,-38.569344,1021.0,5006.0,0.0,148.0,-0.90998,35.016419,126.05911,35.013101,-0.482038,-8e-05,0.169275,1.560409,0.000364,-0.143812,0.335,0.002198,1.0,0.0,0.0,0.0,-9999.0,-9999.0,-9999.0,-9999.0,-9999.0,-9999.0,-9999.0,-9999.0,-9999.0,-9999.0,-9999.0,-9999.0,-9999.0,-9999.0
P21_HV1_1_interaction,active_and_state_lat_and_long_zero_last_source_row_continuous_segment,P21,HV1,1,on_ramp,P21_HV1_1,P21_HV1.1.asc,HV1,60,initiator_active,3248,1,54133.33,54133.3343,1.0,1.0,23.497741,84.591866,150.0,15.894679,-1313.938921,0.186286,-0.01642,0.0,23.502401,-0.003896,0.0,1313.983758,-30.188743,6.281109,1.0,1.0,0.0,0.0,1300.023794,-38.568297,1021.0,5006.0,0.0,148.0,-0.906186,35.01887,126.067932,35.015596,-0.478873,-7.4e-05,0.168115,1.541094,0.000358,-0.139259,0.335,0.0,1.0,0.0,0.0,0.0,-9999.0,-9999.0,-9999.0,-9999.0,-9999.0,-9999.0,-9999.0,-9999.0,-9999.0,-9999.0,-9999.0,-9999.0,-9999.0,-9999.0
P21_HV1_1_interaction,active_and_state_lat_and_long_zero_last_source_row_continuous_segment,P21,HV1,1,on_ramp,P21_HV1_1,P21_HV1.1.asc,HV1,60,initiator_active,3249,1,54150.0,54150.0007,1.0,1.0,23.500848,84.603053,150.0,16.287068,-1314.330505,0.149942,-0.016532,0.0,23.50507,-0.00331,0.0,1314.375476,-30.18963,6.281073,1.0,1.0,0.0,0.0,1300.607426,-38.566811,1021.0,5006.0,0.0,148.0,-0.902009,35.021574,126.077666,35.018345,-0.475538,-6.9e-05,0.188181,1.523162,0.000256,-0.135491,0.335,0.0,1.0,0.0,0.0,0.0,-9999.0,-9999.0,-9999.0,-9999.0,-9999.0,-9999.0,-9999.0,-9999.0,-9999.0,-9999.0,-9999.0,-9999.0,-9999.0,-9999.0
P21_HV1_1_interaction,active_and_state_lat_and_long_zero_last_source_row_continuous_segment,P21,HV1,1,on_ramp,P21_HV1_1,P21_HV1.1.asc,HV1,60,initiator_active,3250,1,54166.67,54166.6676,1.0,1.0,23.503953,84.614232,150.0,16.679505,-1314.72214,0.188823,-0.019236,0.0,23.507835,-0.002672,0.0,1314.767237,-30.190521,6.281033,1.0,1.0,0.0,0.0,1301.191101,-38.564892,1021.0,5006.0,0.0,148.0,-0.897455,35.024383,126.08778,35.021203,-0.471956,-6.6e-05,0.189409,1.512776,0.000136,-0.135491,0.335,0.0,1.0,0.0,0.0,0.0,-9999.0,-9999.0,-9999.0,-9999.0,-9999.0,-9999.0,-9999.0,-9999.0,-9999.0,-9999.0,-9999.0,-9999.0,-9999.0,-9999.0
P21_HV1_1_interaction,active_and_state_lat_and_long_zero_last_source_row_continuous_segment,P21,HV1,1,on_ramp,P21_HV1_1,P21_HV1.1.asc,HV1,60,initiator_active,3251,1,54183.33,54183.3347,1.0,1.0,23.506319,84.622749,150.0,17.071978,-1315.113818,0.181832,-0.021244,0.0,23.510953,-0.002037,0.0,1315.159046,-30.191418,6.280992,1.0,1.0,0.0,0.0,1301.774821,-38.562543,1021.0,5006.0,0.0,148.0,-0.892527,35.02721,126.097955,35.02408,-0.46821,-6.5e-05,0.189905,1.487347,0.000102,-0.12874,0.335,0.0,1.0,0.0,0.0,0.0,-9999.0,-9999.0,-9999.0,-9999.0,-9999.0,-9999.0,-9999.0,-9999.0,-9999.0,-9999.0,-9999.0,-9999.0,-9999.0,-9999.0
P21_HV1_1_interaction,active_and_state_lat_and_long_zero_last_source_row_continuous_segment,P21,HV1,1,on_ramp,P21_HV1_1,P21_HV1.1.asc,HV1,60,initiator_active,3252,1,54200.01,54200.0133,1.0,1.0,23.509409,84.633871,150.0,17.464494,-1315.505544,0.187271,-0.024103,0.0,23.514008,-0.001408,0.0,1315.550906,-30.192322,6.280949,1.0,1.0,0.0,0.0,1302.358586,-38.559771,1021.0,5006.0,0.0,148.0,-0.887229,35.030048,126.108174,35.026971,-0.464279,-6.3e-05,0.190126,1.467586,0.000114,-0.124815,0.335,0.002198,1.0,0.0,0.0,0.0,-9999.0,-9999.0,-9999.0,-9999.0,-9999.0,-9999.0,-9999.0,-9999.0,-9999.0,-9999.0,-9999.0,-9999.0,-9999.0,-9999.0
P21_HV1_1_interaction,active_and_state_lat_and_long_zero_last_source_row_continuous_segment,P21,HV1,1,on_ramp,P21_HV1_1,P21_HV1.1.asc,HV1,60,initiator_active,3253,1,54216.67,54216.6668,1.0,1.0,23.512468,84.644886,150.0,17.857056,-1315.897323,0.184466,-0.026425,0.0,23.517098,-0.000779,0.0,1315.942818,-30.193232,6.280906,1.0,1.0,0.0,0.0,1302.942395,-38.556579,1021.0,5006.0,0.0,148.0,-0.881567,35.032645,126.117522,35.029623,-0.460161,-6e-05,0.170091,1.445251,0.000184,-0.119948,0.335,0.0,1.0,0.0,0.0,0.0,-9999.0,-9999.0,-9999.0,-9999.0,-9999.0,-9999.0,-9999.0,-9999.0,-9999.0,-9999.0,-9999.0,-9999.0,-9999.0,-9999.0
P21_HV1_1_interaction,active_and_state_lat_and_long_zero_last_source_row_continuous_segment,P21,HV1,1,on_ramp,P21_HV1_1,P21_HV1.1.asc,HV1,60,initiator_active,3254,1,54233.33,54233.3342,1.0,1.0,23.515569,84.656049,150.0,18.249664,-1316.289152,0.173373,-0.027032,0.0,23.520124,-0.000186,0.0,1316.334782,-30.194148,6.280862,1.0,1.0,0.0,0.0,1303.526247,-38.552975,1021.0,5006.0,0.0,148.0,-0.875544,35.035405,126.127457,35.032439,-0.455886,-5.7e-05,0.189223,1.417872,0.000208,-0.112883,0.335,0.0,1.0,0.0,0.0,0.0,-9999.0,-9999.0,-9999.0,-9999.0,-9999.0,-9999.0,-9999.0,-9999.0,-9999.0,-9999.0,-9999.0,-9999.0,-9999.0,-9999.0
P21_HV1_1_interaction,active_and_state_lat_and_long_zero_last_source_row_continuous_segment,P21,HV1,1,on_ramp,P21_HV1_1,P21_HV1.1.asc,HV1,60,initiator_active,3255,1,54250.0,54250.0,1.0,1.0,23.518635,84.667087,150.0,18.642318,-1316.681033,0.182446,-0.03097,0.0,23.523074,0.000369,0.0,1316.726794,-30.195073,6.280819,1.0,1.0,0.0,0.0,1304.110141,-38.548964,1021.0,5006.0,0.0,148.0,-0.869168,35.038271,126.137775,35.035362,-0.451489,-5.4e-05,0.190622,1.385602,0.000185,-0.103777,0.335,0.0,1.0,0.0,0.0,0.0,-9999.0,-9999.0,-9999.0,-9999.0,-9999.0,-9999.0,-9999.0,-9999.0,-9999.0,-9999.0,-9999.0,-9999.0,-9999.0,-9999.0
P21_HV1_1_interaction,active_and_state_lat_and_long_zero_last_source_row_continuous_segment,P21,HV1,1,on_ramp,P21_HV1_1,P21_HV1.1.asc,HV1,60,initiator_active,3256,1,54266.67,54266.6667,1.0,1.0,23.521569,84.677648,150.0,19.035017,-1317.072964,0.181759,-0.031875,0.0,23.526167,0.000847,0.0,1317.118857,-30.196005,6.280777,1.0,1.0,0.0,0.0,1304.694079,-38.544552,1021.0,5006.0,0.0,148.0,-0.862445,35.04116,126.148175,35.038309,-0.446957,-5.1e-05,0.191199,1.351228,0.000173,-0.093886,0.33475,0.0,1.0,0.0,0.0,0.0,-9999.0,-9999.0,-9999.0,-9999.0,-9999.0,-9999.0,-9999.0,-9999.0,-9999.0,-9999.0,-9999.0,-9999.0,-9999.0,-9999.0
P21_HV1_1_interaction,active_and_state_lat_and_long_zero_last_source_row_continuous_segment,P21,HV1,1,on_ramp,P21_HV1_1,P21_HV1.1.asc,HV1,60,initiator_active,3257,1,54283.33,54283.3334,1.0,1.0,23.524594,84.68854,150.0,19.427759,-1317.464945,0.179295,-0.03383,0.0,23.529164,0.001274,0.0,1317.510971,-30.196945,6.280735,1.0,1.0,0.0,0.0,1305.278063,-38.539749,1021.0,5006.0,0.0,148.0,-0.855382,35.044068,126.158644,35.041277,-0.442262,-4.9e-05,0.191718,1.311361,0.000172,-0.08164,0.33475,0.002198,1.0,0.0,0.0,0.0,-9999.0,-9999.0,-9999.0,-9999.0,-9999.0,-9999.0,-9999.0,-9999.0,-9999.0,-9999.0,-9999.0,-9999.0,-9999.0,-9999.0
P21_HV1_1_interaction,active_and_state_lat_and_long_zero_last_source_row_continuous_segment,P21,HV1,1,on_ramp,P21_HV1_1,P21_HV1.1.asc,HV1,60,initiator_active,3258,1,54300.0,54300.0,1.0,1.0,23.527681,84.699653,150.0,19.820548,-1317.856978,0.183876,-0.036822,0.0,23.532156,0.001645,0.0,1317.903135,-30.197895,6.280695,1.0,1.0,0.0,0.0,1305.862091,-38.534563,1021.0,5006.0,0.0,148.0,-0.847987,35.046743,126.168276,35.044014,-0.437372,-4.6e-05,0.171975,1.268518,0.000186,-0.068295,0.335,0.0,1.0,0.0,0.0,0.0,-9999.0,-9999.0,-9999.0,-9999.0,-9999.0,-9999.0,-9999.0,-9999.0,-9999.0,-9999.0,-9999.0,-9999.0,-9999.0,-9999.0
P21_HV1_1_interaction,active_and_state_lat_and_long_zero_last_source_row_continuous_segment,P21,HV1,1,on_ramp,P21_HV1_1,P21_HV1.1.asc,HV1,60,initiator_active,3259,1,54316.69,54316.6877,1.0,1.0,23.530658,84.71037,150.0,20.213381,-1318.249061,0.192261,-0.039725,0.0,23.535211,0.00193,0.0,1318.295349,-30.198855,6.280656,1.0,1.0,0.0,0.0,1306.446161,-38.529004,1021.0,5006.0,0.0,148.0,-0.840271,35.049586,126.178509,35.046923,-0.432033,-4.4e-05,0.19089,1.253129,7.7e-05,-0.068295,0.335,0.0,1.0,0.0,0.0,0.0,-9999.0,-9999.0,-9999.0,-9999.0,-9999.0,-9999.0,-9999.0,-9999.0,-9999.0,-9999.0,-9999.0,-9999.0,-9999.0,-9999.0
P21_HV1_1_interaction,active_and_state_lat_and_long_zero_last_source_row_continuous_segment,P21,HV1,1,on_ramp,P21_HV1_1,P21_HV1.1.asc,HV1,60,initiator_active,3260,1,54333.33,54333.3337,1.0,1.0,23.533688,84.721278,150.0,20.606258,-1318.641194,0.187383,-0.041959,0.0,23.538413,0.002164,0.0,1318.687615,-30.199825,6.280618,1.0,1.0,0.0,0.0,1307.030274,-38.523081,1021.0,5006.0,0.0,148.0,-0.83224,35.052542,126.18915,35.049946,-0.426587,-4.3e-05,0.192708,1.177215,-2.2e-05,-0.040192,0.335,0.0,1.0,0.0,0.0,0.0,-9999.0,-9999.0,-9999.0,-9999.0,-9999.0,-9999.0,-9999.0,-9999.0,-9999.0,-9999.0,-9999.0,-9999.0,-9999.0,-9999.0
P21_HV1_1_interaction,active_and_state_lat_and_long_zero_last_source_row_continuous_segment,P21,HV1,1,on_ramp,P21_HV1_1,P21_HV1.1.asc,HV1,60,initiator_active,3261,1,54350.0,54350.0,1.0,1.0,23.536813,84.732526,150.0,20.999182,-1319.033379,0.178966,-0.042819,0.0,23.541492,0.00233,0.0,1319.079933,-30.200807,6.28058,1.0,1.0,0.0,0.0,1307.614433,-38.516805,1021.0,5006.0,0.0,148.0,-0.823908,35.055525,126.19989,35.053001,-0.420696,-4.5e-05,0.193259,1.127654,-0.000116,-0.024806,0.335,0.0,1.0,0.0,0.0,0.0,-9999.0,-9999.0,-9999.0,-9999.0,-9999.0,-9999.0,-9999.0,-9999.0,-9999.0,-9999.0,-9999.0,-9999.0,-9999.0,-9999.0
P21_HV1_1_interaction,active_and_state_lat_and_long_zero_last_source_row_continuous_segment,P21,HV1,1,on_ramp,P21_HV1_1,P21_HV1.1.asc,HV1,60,initiator_active,3262,1,54366.68,54366.6776,1.0,1.0,23.539975,84.743909,150.0,21.392153,-1319.425617,0.178681,-0.044104,0.0,23.544471,0.00248,0.0,1319.472302,-30.2018,6.280544,1.0,0.0,0.0,0.0,1308.198637,-38.510189,1021.0,5006.0,0.0,148.0,-0.815285,35.058529,126.210706,35.056082,-0.414274,-4.8e-05,0.193642,1.077917,-0.000215,-0.010048,0.335,0.002198,1.0,0.0,0.0,0.0,-9999.0,-9999.0,-9999.0,-9999.0,-9999.0,-9999.0,-9999.0,-9999.0,-9999.0,-9999.0,-9999.0,-9999.0,-9999.0,-9999.0
P21_HV1_1_interaction,active_and_state_lat_and_long_zero_last_source_row_continuous_segment,P21,HV1,1,on_ramp,P21_HV1_1,P21_HV1.1.asc,HV1,60,initiator_active,3263,1,54383.33,54383.3341,1.0,1.0,23.542984,84.754741,150.0,21.78517,-1319.817906,0.18302,-0.047947,0.0,23.547451,0.00258,0.0,1319.864721,-30.202805,6.280508,1.0,0.0,0.0,0.0,1308.782886,-38.503244,1021.0,5006.0,0.0,148.0,-0.806383,35.0613,126.220681,35.058935,-0.407224,-5.3e-05,0.173722,1.026299,-0.000283,0.004867,0.335,0.0,1.0,0.0,0.0,0.0,-9999.0,-9999.0,-9999.0,-9999.0,-9999.0,-9999.0,-9999.0,-9999.0,-9999.0,-9999.0,-9999.0,-9999.0,-9999.0,-9999.0
P21_HV1_1_interaction,active_and_state_lat_and_long_zero_last_source_row_continuous_segment,P21,HV1,1,on_ramp,P21_HV1_1,P21_HV1.1.asc,HV1,60,initiator_active,3264,1,54400.0,54400.0006,1.0,1.0,23.54596,84.765457,150.0,22.178231,-1320.210245,0.189047,-0.048605,0.0,23.550558,0.002615,0.0,1320.25719,-30.203823,6.280472,1.0,0.0,0.0,0.0,1309.367179,-38.495985,1021.0,5006.0,0.0,148.0,-0.797214,35.064237,126.231255,35.061964,-0.399287,-6e-05,0.192592,1.003776,-0.000454,0.004867,0.335,0.0,1.0,0.0,0.0,0.0,-9999.0,-9999.0,-9999.0,-9999.0,-9999.0,-9999.0,-9999.0,-9999.0,-9999.0,-9999.0,-9999.0,-9999.0,-9999.0,-9999.0
P21_HV1_1_interaction,active_and_state_lat_and_long_zero_last_source_row_continuous_segment,P21,HV1,1,on_ramp,P21_HV1_1,P21_HV1.1.asc,HV1,60,initiator_active,3265,1,54416.67,54416.6676,1.0,1.0,23.548976,84.776313,150.0,22.571336,-1320.602635,0.189587,-0.047655,0.0,23.553687,0.00264,0.0,1320.649711,-30.204855,6.280437,1.0,0.0,0.0,0.0,1309.951516,-38.488422,1021.0,5006.0,0.0,148.0,-0.787789,35.067284,126.242221,35.065107,-0.39075,-6.8e-05,0.193937,0.929193,-0.000585,0.028731,0.335,0.0,1.0,0.0,0.0,0.0,-9999.0,-9999.0,-9999.0,-9999.0,-9999.0,-9999.0,-9999.0,-9999.0,-9999.0,-9999.0,-9999.0,-9999.0,-9999.0,-9999.0
P21_HV1_1_interaction,active_and_state_lat_and_long_zero_last_source_row_continuous_segment,P21,HV1,1,on_ramp,P21_HV1_1,P21_HV1.1.asc,HV1,60,initiator_active,3266,1,54433.33,54433.3334,1.0,1.0,23.552134,84.787681,150.0,22.964488,-1320.995076,0.188311,-0.047696,0.0,23.556868,0.002677,0.0,1321.042284,-30.2059,6.280401,1.0,0.0,0.0,0.0,1310.5359,-38.480568,1021.0,5006.0,0.0,148.0,-0.778122,35.070349,126.253258,35.068277,-0.381295,-7.9e-05,0.193922,0.885007,-0.000683,0.037209,0.335,0.002198,1.0,0.0,0.0,0.0,-9999.0,-9999.0,-9999.0,-9999.0,-9999.0,-9999.0,-9999.0,-9999.0,-9999.0,-9999.0,-9999.0,-9999.0,-9999.0,-9999.0
P21_HV1_1_interaction,active_and_state_lat_and_long_zero_last_source_row_continuous_segment,P21,HV1,1,on_ramp,P21_HV1_1,P21_HV1.1.asc,HV1,60,initiator_active,3267,1,54450.01,54450.0073,1.0,1.0,23.555267,84.79896,150.0,23.357686,-1321.387571,0.070298,-0.047134,0.0,23.559913,0.002726,0.0,1321.43491,-30.206959,6.280365,1.0,0.0,0.0,0.0,1311.12033,-38.472437,1021.0,5006.0,0.0,148.0,-0.768224,35.073173,126.263423,35.071212,-0.370851,-9.1e-05,0.173586,0.846275,-0.000715,0.041919,0.335,0.0,1.0,0.0,0.0,0.0,-9999.0,-9999.0,-9999.0,-9999.0,-9999.0,-9999.0,-9999.0,-9999.0,-9999.0,-9999.0,-9999.0,-9999.0,-9999.0,-9999.0
P21_HV1_1_interaction,active_and_state_lat_and_long_zero_last_source_row_continuous_segment,P21,HV1,1,on_ramp,P21_HV1_1,P21_HV1.1.asc,HV1,60,initiator_active,3268,1,54466.67,54466.6676,1.0,1.0,23.558437,84.810373,150.0,23.750932,-1321.780118,0.189435,-0.048294,0.0,23.561371,0.002766,0.0,1321.827578,-30.208031,6.28033,1.0,0.0,0.0,0.0,1311.704804,-38.464041,1021.0,5006.0,0.0,148.0,-0.758109,35.076159,126.274173,35.074318,-0.359374,-0.000104,0.192587,0.812386,-0.000769,0.043175,0.335,0.0,1.0,0.0,0.0,0.0,-9999.0,-9999.0,-9999.0,-9999.0,-9999.0,-9999.0,-9999.0,-9999.0,-9999.0,-9999.0,-9999.0,-9999.0,-9999.0,-9999.0
P21_HV1_1_interaction,active_and_state_lat_and_long_zero_last_source_row_continuous_segment,P21,HV1,1,on_ramp,P21_HV1_1,P21_HV1.1.asc,HV1,60,initiator_active,3269,1,54483.33,54483.3335,1.0,1.0,23.560499,84.817797,150.0,24.144215,-1322.172709,0.204664,-0.04925,0.0,23.564764,0.002788,0.0,1322.220279,-30.209117,6.280294,1.0,0.0,0.0,0.0,1312.289324,-38.455392,1021.0,5006.0,0.0,148.0,-0.747785,35.079249,126.285298,35.077534,-0.346904,-0.000117,0.193662,0.778851,-0.000824,0.042547,0.335,0.0,1.0,0.0,0.0,0.0,-9999.0,-9999.0,-9999.0,-9999.0,-9999.0,-9999.0,-9999.0,-9999.0,-9999.0,-9999.0,-9999.0,-9999.0,-9999.0,-9999.0
P21_HV1_1_interaction,active_and_state_lat_and_long_zero_last_source_row_continuous_segment,P21,HV1,1,on_ramp,P21_HV1_1,P21_HV1.1.asc,HV1,60,initiator_active,3270,1,54500.0,54500.001,1.0,1.0,23.56295,84.82662,150.0,24.537525,-1322.565332,0.180476,-0.048844,0.0,23.568029,0.002815,0.0,1322.613038,-30.210216,6.280258,1.0,0.0,0.0,0.0,1312.873891,-38.4465,1021.0,5006.0,0.0,148.0,-0.737265,35.082356,126.296481,35.08077,-0.333561,-0.000131,0.193766,0.743201,-0.000803,0.042547,0.335,0.0,1.0,0.0,0.0,0.0,-9999.0,-9999.0,-9999.0,-9999.0,-9999.0,-9999.0,-9999.0,-9999.0,-9999.0,-9999.0,-9999.0,-9999.0,-9999.0,-9999.0
P21_HV1_1_interaction,active_and_state_lat_and_long_zero_last_source_row_continuous_segment,P21,HV1,1,on_ramp,P21_HV1_1,P21_HV1.1.asc,HV1,60,initiator_active,3271,1,54516.67,54516.6667,1.0,1.0,23.566469,84.83929,150.0,24.930888,-1322.958013,0.173321,-0.050536,0.0,23.570958,0.002849,0.0,1323.005849,-30.21133,6.280222,1.0,0.0,0.0,0.0,1313.458506,-38.437376,1021.0,5006.0,0.0,148.0,-0.726558,35.085472,126.3077,35.084018,-0.319452,-0.000143,0.193687,0.70959,-0.000713,0.040349,0.335,0.0,1.0,0.0,0.0,0.0,-9999.0,-9999.0,-9999.0,-9999.0,-9999.0,-9999.0,-9999.0,-9999.0,-9999.0,-9999.0,-9999.0,-9999.0,-9999.0,-9999.0
P21_HV1_1_interaction,active_and_state_lat_and_long_zero_last_source_row_continuous_segment,P21,HV1,1,on_ramp,P21_HV1_1,P21_HV1.1.asc,HV1,60,initiator_active,3272,1,54533.33,54533.3342,1.0,1.0,23.569533,84.85032,150.0,25.324297,-1323.350748,0.179628,-0.049927,0.0,23.573889,0.002862,0.0,1323.398709,-30.212457,6.280186,1.0,0.0,0.0,0.0,1314.043169,-38.428032,1021.0,5006.0,0.0,148.0,-0.715676,35.088597,126.318949,35.087274,-0.304741,-0.000154,0.193576,0.670654,-0.000568,0.040349,0.335,0.0,1.0,0.0,0.0,0.0,-9999.0,-9999.0,-9999.0,-9999.0,-9999.0,-9999.0,-9999.0,-9999.0,-9999.0,-9999.0,-9999.0,-9999.0,-9999.0,-9999.0
P21_HV1_1_interaction,active_and_state_lat_and_long_zero_last_source_row_continuous_segment,P21,HV1,1,on_ramp,P21_HV1_1,P21_HV1.1.asc,HV1,60,initiator_active,3273,1,54550.0,54550.0041,1.0,1.0,23.572402,84.860649,150.0,25.717749,-1323.743531,0.179779,-0.051452,0.0,23.576884,0.002888,0.0,1323.791618,-30.213598,6.28015,1.0,0.0,0.0,0.0,1314.627881,-38.41848,1021.0,5006.0,0.0,148.0,-0.70463,35.091731,126.330231,35.090536,-0.289582,-0.000161,0.193472,0.630046,-0.0004,0.041605,0.335,0.002198,1.0,0.0,0.0,0.0,-9999.0,-9999.0,-9999.0,-9999.0,-9999.0,-9999.0,-9999.0,-9999.0,-9999.0,-9999.0,-9999.0,-9999.0,-9999.0,-9999.0
P21_HV1_1_interaction,active_and_state_lat_and_long_zero_last_source_row_continuous_segment,P21,HV1,1,on_ramp,P21_HV1_1,P21_HV1.1.asc,HV1,60,initiator_active,3274,1,54566.67,54566.6675,1.0,1.0,23.575386,84.871389,150.0,26.111245,-1324.136363,0.186435,-0.050743,0.0,23.579913,0.002897,0.0,1324.184576,-30.214753,6.280113,1.0,0.0,0.0,0.0,1315.212642,-38.408732,1021.0,5006.0,0.0,148.0,-0.693431,35.094621,126.340635,35.09355,-0.274134,-0.000166,0.173131,0.581661,-0.000184,0.045216,0.335,0.0,1.0,0.0,0.0,0.0,-9999.0,-9999.0,-9999.0,-9999.0,-9999.0,-9999.0,-9999.0,-9999.0,-9999.0,-9999.0,-9999.0,-9999.0,-9999.0,-9999.0
P21_HV1_1_interaction,active_and_state_lat_and_long_zero_last_source_row_continuous_segment,P21,HV1,1,on_ramp,P21_HV1_1,P21_HV1.1.asc,HV1,60,initiator_active,3275,1,54583.33,54583.3343,1.0,1.0,23.578382,84.882177,150.0,26.504785,-1324.529246,0.154309,-0.053398,0.0,23.583023,0.002907,0.0,1324.577586,-30.215923,6.280076,1.0,0.0,0.0,0.0,1315.797448,-38.398801,1021.0,5006.0,0.0,148.0,-0.682092,35.097671,126.351614,35.096718,-0.258571,-0.000168,0.191878,0.526791,-3.1e-05,0.051653,0.335,0.0,1.0,0.0,0.0,0.0,-9999.0,-9999.0,-9999.0,-9999.0,-9999.0,-9999.0,-9999.0,-9999.0,-9999.0,-9999.0,-9999.0,-9999.0,-9999.0,-9999.0
P21_HV1_1_interaction,active_and_state_lat_and_long_zero_last_source_row_continuous_segment,P21,HV1,1,on_ramp,P21_HV1_1,P21_HV1.1.asc,HV1,60,initiator_active,3276,1,54600.0,54600.0007,1.0,1.0,23.581467,84.893281,150.0,26.898371,-1324.92218,0.179219,-0.058361,0.0,23.585673,0.002888,0.0,1324.970645,-30.217107,6.280039,1.0,0.0,0.0,0.0,1316.382302,-38.388701,1021.0,5006.0,0.0,148.0,-0.670628,35.100822,126.362958,35.099981,-0.242995,-0.000167,0.192851,0.46775,5.8e-05,0.059974,0.335,0.0,1.0,0.0,0.0,0.0,-9999.0,-9999.0,-9999.0,-9999.0,-9999.0,-9999.0,-9999.0,-9999.0,-9999.0,-9999.0,-9999.0,-9999.0,-9999.0,-9999.0
P21_HV1_1_interaction,active_and_state_lat_and_long_zero_last_source_row_continuous_segment,P21,HV1,1,on_ramp,P21_HV1_1,P21_HV1.1.asc,HV1,60,initiator_active,3277,1,54616.67,54616.6668,1.0,1.0,23.584309,84.903511,150.0,27.292001,-1325.315164,0.18445,-0.059531,0.0,23.588671,0.002818,0.0,1325.36375,-30.218308,6.280001,1.0,0.0,0.0,0.0,1316.967206,-38.378449,1021.0,5006.0,0.0,148.0,-0.659053,35.103989,126.374359,35.103252,-0.22748,-0.000166,0.192946,0.401011,0.000144,0.071906,0.335,0.0,1.0,0.0,0.0,0.0,-9999.0,-9999.0,-9999.0,-9999.0,-9999.0,-9999.0,-9999.0,-9999.0,-9999.0,-9999.0,-9999.0,-9999.0,-9999.0,-9999.0
P21_HV1_1_interaction,active_and_state_lat_and_long_zero_last_source_row_continuous_segment,P21,HV1,1,on_ramp,P21_HV1_1,P21_HV1.1.asc,HV1,60,initiator_active,3278,1,54633.34,54633.3418,1.0,1.0,23.587167,84.9138,150.0,27.685671,-1325.708194,0.190986,-0.060597,0.0,23.591766,0.00276,0.0,1325.756905,-30.219524,6.279962,1.0,0.0,0.0,0.0,1317.55216,-38.368061,1021.0,5006.0,0.0,148.0,-0.647384,35.107165,126.385795,35.106525,-0.212073,-0.000163,0.192827,0.329878,0.000212,0.085879,0.335,0.0,1.0,0.0,0.0,0.0,-9999.0,-9999.0,-9999.0,-9999.0,-9999.0,-9999.0,-9999.0,-9999.0,-9999.0,-9999.0,-9999.0,-9999.0,-9999.0,-9999.0
P21_HV1_1_interaction,active_and_state_lat_and_long_zero_last_source_row_continuous_segment,P21,HV1,1,on_ramp,P21_HV1_1,P21_HV1.1.asc,HV1,60,initiator_active,3279,1,54650.0,54650.003,1.0,1.0,23.590208,84.92475,150.0,28.079386,-1326.101275,0.186492,-0.063044,0.0,23.594936,0.002703,0.0,1326.150113,-30.220758,6.279921,1.0,0.0,0.0,0.0,1318.137164,-38.357555,1021.0,5006.0,0.0,148.0,-0.635638,35.110349,126.397255,35.109797,-0.196733,-0.00016,0.192608,0.258641,0.000237,0.099852,0.335,0.0,1.0,0.0,0.0,0.0,-9999.0,-9999.0,-9999.0,-9999.0,-9999.0,-9999.0,-9999.0,-9999.0,-9999.0,-9999.0,-9999.0,-9999.0,-9999.0,-9999.0
P21_HV1_1_interaction,active_and_state_lat_and_long_zero_last_source_row_continuous_segment,P21,HV1,1,on_ramp,P21_HV1_1,P21_HV1.1.asc,HV1,60,initiator_active,3280,1,54666.67,54666.6675,1.0,1.0,23.593358,84.936087,150.0,28.473147,-1326.494408,0.19216,-0.065187,0.0,23.59807,0.002647,0.0,1326.543372,-30.22201,6.279878,1.0,0.0,0.0,0.0,1318.72222,-38.346949,1021.0,5006.0,0.0,148.0,-0.623833,35.113537,126.408733,35.113069,-0.181392,-0.000156,0.192495,0.18382,0.00022,0.115395,0.33525,0.0,1.0,0.0,0.0,0.0,-9999.0,-9999.0,-9999.0,-9999.0,-9999.0,-9999.0,-9999.0,-9999.0,-9999.0,-9999.0,-9999.0,-9999.0,-9999.0,-9999.0
P21_HV1_1_interaction,active_and_state_lat_and_long_zero_last_source_row_continuous_segment,P21,HV1,1,on_ramp,P21_HV1_1,P21_HV1.1.asc,HV1,60,initiator_active,3281,1,54683.33,54683.3342,1.0,1.0,23.59649,84.947362,150.0,28.866956,-1326.887595,0.188021,-0.071291,0.0,23.601274,0.002574,0.0,1326.936685,-30.223279,6.279834,1.0,0.0,0.0,0.0,1319.307328,-38.336262,1021.0,5006.0,0.0,148.0,-0.611987,35.116731,126.420232,35.116339,-0.165985,-0.000153,0.192126,0.1092,0.000154,0.130624,0.33525,0.0,1.0,0.0,0.0,0.0,-9999.0,-9999.0,-9999.0,-9999.0,-9999.0,-9999.0,-9999.0,-9999.0,-9999.0,-9999.0,-9999.0,-9999.0,-9999.0,-9999.0
P21_HV1_1_interaction,active_and_state_lat_and_long_zero_last_source_row_continuous_segment,P21,HV1,1,on_ramp,P21_HV1_1,P21_HV1.1.asc,HV1,60,initiator_active,3282,1,54700.0,54700.0018,1.0,1.0,23.599671,84.958816,150.0,29.260811,-1327.280834,0.192228,-0.073966,0.0,23.604381,0.002469,0.0,1327.33005,-30.224569,6.279787,1.0,1.0,0.0,0.0,1319.892488,-38.325514,1021.0,5006.0,0.0,148.0,-0.60012,35.119923,126.431723,35.119601,-0.15038,-0.000152,0.191609,0.040002,4.9e-05,0.143027,0.335,0.0,1.0,0.0,0.0,0.0,-9999.0,-9999.0,-9999.0,-9999.0,-9999.0,-9999.0,-9999.0,-9999.0,-9999.0,-9999.0,-9999.0,-9999.0,-9999.0,-9999.0
P21_HV1_1_interaction,active_and_state_lat_and_long_zero_last_source_row_continuous_segment,P21,HV1,1,on_ramp,P21_HV1_1,P21_HV1.1.asc,HV1,60,initiator_active,3283,1,54716.67,54716.6675,1.0,1.0,23.602841,84.970227,150.0,29.654714,-1327.674127,0.191641,-0.082454,0.0,23.607598,0.002366,0.0,1327.723467,-30.22588,6.279736,1.0,1.0,0.0,0.0,1320.4777,-38.314724,1021.0,5006.0,0.0,148.0,-0.588249,35.123112,126.443204,35.122855,-0.134442,-0.000153,0.191167,-0.025981,-7.5e-05,0.153546,0.335,0.0,1.0,0.0,0.0,0.0,-9999.0,-9999.0,-9999.0,-9999.0,-9999.0,-9999.0,-9999.0,-9999.0,-9999.0,-9999.0,-9999.0,-9999.0,-9999.0,-9999.0
P21_HV1_1_interaction,active_and_state_lat_and_long_zero_last_source_row_continuous_segment,P21,HV1,1,on_ramp,P21_HV1_1,P21_HV1.1.asc,HV1,60,initiator_active,3284,1,54733.33,54733.3334,1.0,1.0,23.605983,84.981539,150.0,30.048663,-1328.067472,0.197342,-0.087512,0.0,23.610819,0.00224,0.0,1328.116938,-30.227214,6.279682,1.0,1.0,0.0,0.0,1321.062965,-38.303909,1021.0,5006.0,0.0,148.0,-0.576393,35.126299,126.454675,35.1261,-0.118073,-0.000156,0.1908,-0.085909,-0.000207,0.160768,0.335,0.002198,1.0,0.0,0.0,0.0,-9999.0,-9999.0,-9999.0,-9999.0,-9999.0,-9999.0,-9999.0,-9999.0,-9999.0,-9999.0,-9999.0,-9999.0,-9999.0,-9999.0
P21_HV1_1_interaction,active_and_state_lat_and_long_zero_last_source_row_continuous_segment,P21,HV1,1,on_ramp,P21_HV1_1,P21_HV1.1.asc,HV1,60,initiator_active,3285,1,54750.0,54750.0001,1.0,1.0,23.609195,84.993101,150.0,30.44266,-1328.460871,0.190233,-0.097903,0.0,23.614075,0.002111,0.0,1328.510463,-30.228572,6.279624,1.0,1.0,0.0,0.0,1321.648282,-38.293088,1021.0,5006.0,0.0,148.0,-0.564569,35.129229,126.465225,35.129083,-0.101188,-0.00016,0.170251,-0.13976,-0.000289,0.164693,0.33525,0.0,1.0,0.0,0.0,0.0,-9999.0,-9999.0,-9999.0,-9999.0,-9999.0,-9999.0,-9999.0,-9999.0,-9999.0,-9999.0,-9999.0,-9999.0,-9999.0,-9999.0
P21_HV1_1_interaction,active_and_state_lat_and_long_zero_last_source_row_continuous_segment,P21,HV1,1,on_ramp,P21_HV1_1,P21_HV1.1.asc,HV1,60,initiator_active,3286,1,54766.71,54766.7061,1.0,1.0,23.612463,85.004867,150.0,30.836706,-1328.854325,0.21654,-0.105856,0.0,23.617373,0.001952,0.0,1328.904042,-30.229958,6.279559,1.0,1.0,0.0,0.0,1322.23365,-38.282278,1021.0,5006.0,0.0,148.0,-0.552793,35.132307,126.476304,35.132207,-0.083747,-0.000166,0.188842,-0.186486,-0.00039,0.164222,0.33525,0.0,1.0,0.0,0.0,0.0,-9999.0,-9999.0,-9999.0,-9999.0,-9999.0,-9999.0,-9999.0,-9999.0,-9999.0,-9999.0,-9999.0,-9999.0,-9999.0,-9999.0
P21_HV1_1_interaction,active_and_state_lat_and_long_zero_last_source_row_continuous_segment,P21,HV1,1,on_ramp,P21_HV1_1,P21_HV1.1.asc,HV1,60,initiator_active,3287,1,54783.33,54783.3345,1.0,1.0,23.61566,85.016377,150.0,31.2308,-1329.247833,0.192467,-0.115824,0.0,23.620892,0.001804,0.0,1329.297677,-30.231374,6.279489,1.0,1.0,0.0,0.0,1322.819069,-38.271493,1021.0,5006.0,0.0,148.0,-0.54108,35.135473,126.487702,35.135411,-0.065753,-0.000173,0.189733,-0.22792,-0.000479,0.160768,0.33525,0.0,1.0,0.0,0.0,0.0,-9999.0,-9999.0,-9999.0,-9999.0,-9999.0,-9999.0,-9999.0,-9999.0,-9999.0,-9999.0,-9999.0,-9999.0,-9999.0,-9999.0
P21_HV1_1_interaction,active_and_state_lat_and_long_zero_last_source_row_continuous_segment,P21,HV1,1,on_ramp,P21_HV1_1,P21_HV1.1.asc,HV1,60,initiator_active,3288,1,54800.0,54800.0008,1.0,1.0,23.619177,85.029038,150.0,31.624945,-1329.641399,0.192488,-0.127919,0.0,23.624126,0.001672,0.0,1329.691369,-30.232823,6.279411,1.0,1.0,0.0,0.0,1323.404542,-38.260749,1021.0,5006.0,0.0,148.0,-0.529444,35.138642,126.499111,35.13861,-0.047346,-0.000181,0.189701,-0.27662,-0.000461,0.160768,0.33525,0.0,1.0,0.0,0.0,0.0,-9999.0,-9999.0,-9999.0,-9999.0,-9999.0,-9999.0,-9999.0,-9999.0,-9999.0,-9999.0,-9999.0,-9999.0,-9999.0,-9999.0
P21_HV1_1_interaction,active_and_state_lat_and_long_zero_last_source_row_continuous_segment,P21,HV1,1,on_ramp,P21_HV1_1,P21_HV1.1.asc,HV1,60,initiator_active,3289,1,54816.67,54816.6667,1.0,1.0,23.622496,85.040985,150.0,32.019142,-1330.035022,0.195014,-0.137707,0.0,23.627294,0.001533,0.0,1330.085115,-30.234307,6.279324,1.0,1.0,0.0,0.0,1323.990068,-38.250059,1021.0,5006.0,0.0,148.0,-0.517898,35.14181,126.510518,35.141799,-0.02843,-0.000189,0.189873,-0.2948,-0.00039,0.146324,0.335,0.0,1.0,0.0,0.0,0.0,-9999.0,-9999.0,-9999.0,-9999.0,-9999.0,-9999.0,-9999.0,-9999.0,-9999.0,-9999.0,-9999.0,-9999.0,-9999.0,-9999.0
P21_HV1_1_interaction,active_and_state_lat_and_long_zero_last_source_row_continuous_segment,P21,HV1,1,on_ramp,P21_HV1_1,P21_HV1.1.asc,HV1,60,initiator_active,3290,1,54833.35,54833.3512,1.0,1.0,23.62573,85.052626,150.0,32.413387,-1330.4287,0.194726,-0.153067,0.0,23.630559,0.001427,0.0,1330.478913,-30.23583,6.279228,1.0,1.0,0.0,0.0,1324.575649,-38.239435,1021.0,5006.0,0.0,148.0,-0.506454,35.144979,126.521924,35.144978,-0.009322,-0.000193,0.190063,-0.329863,-0.000239,0.139416,0.33575,0.0,1.0,0.0,0.0,0.0,-9999.0,-9999.0,-9999.0,-9999.0,-9999.0,-9999.0,-9999.0,-9999.0,-9999.0,-9999.0,-9999.0,-9999.0,-9999.0,-9999.0
P21_HV1_1_interaction,active_and_state_lat_and_long_zero_last_source_row_continuous_segment,P21,HV1,1,on_ramp,P21_HV1_1,P21_HV1.1.asc,HV1,60,initiator_active,3291,1,54850.0,54850.0001,1.0,1.0,23.62892,85.06411,150.0,32.807678,-1330.822432,0.196631,-0.163956,0.0,23.633832,0.001356,0.0,1330.872766,-30.237397,6.279122,1.0,1.0,0.0,0.0,1325.161284,-38.228889,1021.0,5006.0,0.0,148.0,-0.495123,35.148147,126.533329,35.148146,0.009761,-0.000195,0.190163,-0.364423,-3.4e-05,0.132351,0.3355,0.0,1.0,0.0,0.0,0.0,-9999.0,-9999.0,-9999.0,-9999.0,-9999.0,-9999.0,-9999.0,-9999.0,-9999.0,-9999.0,-9999.0,-9999.0,-9999.0,-9999.0
P21_HV1_1_interaction,active_and_state_lat_and_long_zero_last_source_row_continuous_segment,P21,HV1,1,on_ramp,P21_HV1_1,P21_HV1.1.asc,HV1,60,initiator_active,3292,1,54866.67,54866.6674,1.0,1.0,23.632181,85.075852,150.0,33.202019,-1331.216218,0.193333,-0.180465,0.0,23.637087,0.001331,0.0,1331.266674,-30.239009,6.279004,1.0,1.0,0.0,0.0,1325.746974,-38.218433,1021.0,5006.0,0.0,148.0,-0.483918,35.15131,126.544717,35.151299,0.028647,-0.000193,0.189917,-0.399053,0.000205,0.1256,0.336,0.0,1.0,0.0,0.0,0.0,-9999.0,-9999.0,-9999.0,-9999.0,-9999.0,-9999.0,-9999.0,-9999.0,-9999.0,-9999.0,-9999.0,-9999.0,-9999.0,-9999.0
P21_HV1_1_interaction,active_and_state_lat_and_long_zero_last_source_row_continuous_segment,P21,HV1,1,on_ramp,P21_HV1_1,P21_HV1.1.asc,HV1,60,initiator_active,3293,1,54883.33,54883.3339,1.0,1.0,23.635471,85.087694,150.0,33.596408,-1331.610061,0.190307,-0.19931,0.0,23.640275,0.001352,0.0,1331.660635,-30.240672,6.278873,1.0,1.0,0.0,0.0,1326.332718,-38.20808,1021.0,5006.0,0.0,148.0,-0.472848,35.154465,126.556074,35.154433,0.047154,-0.000187,0.189694,-0.436033,0.000452,0.120419,0.336,0.0,1.0,0.0,0.0,0.0,-9999.0,-9999.0,-9999.0,-9999.0,-9999.0,-9999.0,-9999.0,-9999.0,-9999.0,-9999.0,-9999.0,-9999.0,-9999.0,-9999.0
P21_HV1_1_interaction,active_and_state_lat_and_long_zero_last_source_row_continuous_segment,P21,HV1,1,on_ramp,P21_HV1_1,P21_HV1.1.asc,HV1,60,initiator_active,3294,1,54900.0,54900.0007,1.0,1.0,23.638698,85.099314,150.0,33.990846,-1332.003958,0.259512,-0.213683,0.0,23.6443,0.001384,0.0,1332.054649,-30.242391,6.278729,1.0,1.0,0.0,0.0,1326.918517,-38.19784,1021.0,5006.0,0.0,148.0,-0.461927,35.157612,126.567404,35.157552,0.065115,-0.000177,0.189547,-0.473984,0.000678,0.116337,0.33575,0.002198,1.0,0.0,0.0,0.0,-9999.0,-9999.0,-9999.0,-9999.0,-9999.0,-9999.0,-9999.0,-9999.0,-9999.0,-9999.0,-9999.0,-9999.0,-9999.0,-9999.0
P21_HV1_1_interaction,active_and_state_lat_and_long_zero_last_source_row_continuous_segment,P21,HV1,1,on_ramp,P21_HV1_1,P21_HV1.1.asc,HV1,60,initiator_active,3295,1,54916.67,54916.6669,1.0,1.0,23.64186,85.110697,150.0,34.385331,-1332.39791,0.1847,-0.231077,0.0,23.648087,0.001498,0.0,1332.448734,-30.24417,6.27857,1.0,1.0,0.0,0.0,1327.504371,-38.187727,1021.0,5006.0,0.0,148.0,-0.451165,35.160502,126.577809,35.160406,0.082408,-0.000163,0.169465,-0.5115,0.000901,0.112883,0.33575,0.002198,1.0,0.0,0.0,0.0,-9999.0,-9999.0,-9999.0,-9999.0,-9999.0,-9999.0,-9999.0,-9999.0,-9999.0,-9999.0,-9999.0,-9999.0,-9999.0,-9999.0
P21_HV1_1_interaction,active_and_state_lat_and_long_zero_last_source_row_continuous_segment,P21,HV1,1,on_ramp,P21_HV1_1,P21_HV1.1.asc,HV1,60,initiator_active,3296,1,54933.33,54933.3339,1.0,1.0,23.646463,85.127265,150.0,34.779882,-1332.791934,0.192111,-0.249974,0.0,23.651179,0.0017,0.0,1332.842877,-30.246015,6.278395,1.0,1.0,0.0,0.0,1328.090276,-38.177752,1021.0,5006.0,0.0,148.0,-0.440573,35.163287,126.587833,35.163148,0.09895,-0.000146,0.168117,-0.547814,0.001059,0.109743,0.33525,0.0,1.0,0.0,0.0,0.0,-9999.0,-9999.0,-9999.0,-9999.0,-9999.0,-9999.0,-9999.0,-9999.0,-9999.0,-9999.0,-9999.0,-9999.0,-9999.0,-9999.0
P21_HV1_1_interaction,active_and_state_lat_and_long_zero_last_source_row_continuous_segment,P21,HV1,1,on_ramp,P21_HV1_1,P21_HV1.1.asc,HV1,60,initiator_active,3297,1,54950.61,54950.6141,1.0,1.0,23.649626,85.138652,150.0,35.174486,-1333.186017,0.194403,-0.26686,0.0,23.65438,0.001986,0.0,1333.237072,-30.24793,6.278203,1.0,1.0,0.0,0.0,1328.67623,-38.167927,1021.0,5006.0,0.0,148.0,-0.430164,35.166308,126.598708,35.166121,0.114674,-0.000129,0.187951,-0.582759,0.001079,0.106917,0.33525,0.0,1.0,0.0,0.0,0.0,-9999.0,-9999.0,-9999.0,-9999.0,-9999.0,-9999.0,-9999.0,-9999.0,-9999.0,-9999.0,-9999.0,-9999.0,-9999.0,-9999.0
P21_HV1_1_interaction,active_and_state_lat_and_long_zero_last_source_row_continuous_segment,P21,HV1,1,on_ramp,P21_HV1_1,P21_HV1.1.asc,HV1,60,initiator_active,3298,1,54966.67,54966.6675,1.0,1.0,23.65278,85.150007,150.0,35.569135,-1333.580154,0.201646,-0.291061,0.0,23.657643,0.002384,0.0,1333.63132,-30.249921,6.277994,1.0,1.0,0.0,0.0,1329.262238,-38.158262,1021.0,5006.0,0.0,148.0,-0.419947,35.16942,126.609912,35.169181,0.129541,-0.000111,0.189133,-0.61476,0.001042,0.103777,0.33575,0.0,1.0,0.0,0.0,0.0,-9999.0,-9999.0,-9999.0,-9999.0,-9999.0,-9999.0,-9999.0,-9999.0,-9999.0,-9999.0,-9999.0,-9999.0,-9999.0,-9999.0
P21_HV1_1_interaction,active_and_state_lat_and_long_zero_last_source_row_continuous_segment,P21,HV1,1,on_ramp,P21_HV1_1,P21_HV1.1.asc,HV1,60,initiator_active,3299,1,54983.33,54983.3341,1.0,1.0,23.656,85.161601,150.0,35.963832,-1333.974346,0.191011,-0.313415,0.0,23.660959,0.002822,0.0,1334.025622,-30.251993,6.277766,1.0,1.0,0.0,0.0,1329.8483,-38.148768,1021.0,5006.0,0.0,148.0,-0.409931,35.172531,126.621111,35.172238,0.143525,-9.4e-05,0.18907,-0.644142,0.001029,0.10048,0.33575,0.0,1.0,0.0,0.0,0.0,-9999.0,-9999.0,-9999.0,-9999.0,-9999.0,-9999.0,-9999.0,-9999.0,-9999.0,-9999.0,-9999.0,-9999.0,-9999.0,-9999.0
P21_HV1_1_interaction,active_and_state_lat_and_long_zero_last_source_row_continuous_segment,P21,HV1,1,on_ramp,P21_HV1_1,P21_HV1.1.asc,HV1,60,initiator_active,3300,1,55000.0,55000.0007,1.0,1.0,23.659323,85.173562,150.0,36.358577,-1334.368594,0.190089,-0.336215,0.0,23.664134,0.003376,0.0,1334.419979,-30.254153,6.277519,1.0,1.0,0.0,0.0,1330.434417,-38.139454,1021.0,5006.0,0.0,148.0,-0.400127,35.175639,126.6323,35.17529,0.156581,-7.7e-05,0.189604,-0.674187,0.001036,0.098596,0.336,0.002198,1.0,0.0,0.0,0.0,-9999.0,-9999.0,-9999.0,-9999.0,-9999.0,-9999.0,-9999.0,-9999.0,-9999.0,-9999.0,-9999.0,-9999.0,-9999.0,-9999.0
P21_HV1_1_interaction,active_and_state_lat_and_long_zero_last_source_row_continuous_segment,P21,HV1,1,on_ramp,P21_HV1_1,P21_HV1.1.asc,HV1,60,initiator_active,3301,1,55016.67,55016.667,1.0,1.0,23.662551,85.185184,150.0,36.753371,-1334.762898,0.186547,-0.359411,0.0,23.667304,0.003993,0.0,1334.814388,-30.256407,6.277253,1.0,1.0,0.0,0.0,1331.020588,-38.13033,1021.0,5006.0,0.0,148.0,-0.390543,35.178495,126.642581,35.17809,0.16866,-5.8e-05,0.169455,-0.703438,0.001075,0.097497,0.336,0.002198,1.0,0.0,0.0,0.0,-9999.0,-9999.0,-9999.0,-9999.0,-9999.0,-9999.0,-9999.0,-9999.0,-9999.0,-9999.0,-9999.0,-9999.0,-9999.0,-9999.0
P21_HV1_1_interaction,active_and_state_lat_and_long_zero_last_source_row_continuous_segment,P21,HV1,1,on_ramp,P21_HV1_1,P21_HV1.1.asc,HV1,60,initiator_active,3302,1,55033.33,55033.3343,1.0,1.0,23.665718,85.196585,150.0,37.148212,-1335.157257,0.190527,-0.384872,0.0,23.670424,0.004726,0.0,1335.208848,-30.258762,6.276966,1.0,0.0,0.0,0.0,1331.60681,-38.121404,1021.0,5006.0,0.0,148.0,-0.381186,35.181245,126.652482,35.180786,0.179741,-4e-05,0.16841,-0.732617,0.001093,0.097968,0.33575,0.0,1.0,0.0,0.0,0.0,-9999.0,-9999.0,-9999.0,-9999.0,-9999.0,-9999.0,-9999.0,-9999.0,-9999.0,-9999.0,-9999.0,-9999.0,-9999.0,-9999.0
P21_HV1_1_interaction,active_and_state_lat_and_long_zero_last_source_row_continuous_segment,P21,HV1,1,on_ramp,P21_HV1_1,P21_HV1.1.asc,HV1,60,initiator_active,3303,1,55050.0,55050.0044,1.0,1.0,23.668858,85.207889,150.0,37.543099,-1335.551669,0.198152,-0.405889,0.0,23.673637,0.005525,0.0,1335.603361,-30.261225,6.276657,1.0,0.0,0.0,0.0,1332.193082,-38.112685,1021.0,5006.0,0.0,148.0,-0.372065,35.184237,126.663252,35.183725,0.189823,-2.3e-05,0.188463,-0.75992,0.00101,0.098753,0.336,0.0,1.0,0.0,0.0,0.0,-9999.0,-9999.0,-9999.0,-9999.0,-9999.0,-9999.0,-9999.0,-9999.0,-9999.0,-9999.0,-9999.0,-9999.0,-9999.0,-9999.0
P21_HV1_1_interaction,active_and_state_lat_and_long_zero_last_source_row_continuous_segment,P21,HV1,1,on_ramp,P21_HV1_1,P21_HV1.1.asc,HV1,60,initiator_active,3304,1,55066.67,55066.6678,1.0,1.0,23.672011,85.21924,150.0,37.938033,-1335.946136,0.202367,-0.430569,0.0,23.676941,0.006476,0.0,1335.997927,-30.263801,6.276327,1.0,0.0,0.0,0.0,1332.779407,-38.10418,1021.0,5006.0,0.0,148.0,-0.363187,35.18732,126.674351,35.186757,0.198945,-7e-06,0.189458,-0.784166,0.000904,0.098753,0.336,0.0,1.0,0.0,0.0,0.0,-9999.0,-9999.0,-9999.0,-9999.0,-9999.0,-9999.0,-9999.0,-9999.0,-9999.0,-9999.0,-9999.0,-9999.0,-9999.0,-9999.0
P21_HV1_1_interaction,active_and_state_lat_and_long_zero_last_source_row_continuous_segment,P21,HV1,1,on_ramp,P21_HV1_1,P21_HV1.1.asc,HV1,60,initiator_active,3305,1,55083.33,55083.334,1.0,1.0,23.675288,85.231036,150.0,38.333014,-1336.340659,0.191524,-0.45373,0.0,23.680267,0.007514,0.0,1336.392547,-30.266499,6.275976,1.0,0.0,0.0,0.0,1333.365786,-38.095896,1021.0,5006.0,0.0,148.0,-0.354559,35.190401,126.685443,35.189791,0.207136,7e-06,0.189478,-0.807072,0.000848,0.099224,0.336,0.0,1.0,0.0,0.0,0.0,-9999.0,-9999.0,-9999.0,-9999.0,-9999.0,-9999.0,-9999.0,-9999.0,-9999.0,-9999.0,-9999.0,-9999.0,-9999.0,-9999.0
P21_HV1_1_interaction,active_and_state_lat_and_long_zero_last_source_row_continuous_segment,P21,HV1,1,on_ramp,P21_HV1_1,P21_HV1.1.asc,HV1,60,initiator_active,3306,1,55100.0,55100.0009,1.0,1.0,23.678627,85.243057,150.0,38.728044,-1336.735239,0.194669,-0.479431,0.0,23.683449,0.008707,0.0,1336.787221,-30.269324,6.275602,1.0,0.0,0.0,0.0,1333.95222,-38.08784,1021.0,5006.0,0.0,148.0,-0.346187,35.193472,126.696499,35.192819,0.21445,2.1e-05,0.188921,-0.826698,0.000824,0.098753,0.336,0.0,1.0,0.0,0.0,0.0,-9999.0,-9999.0,-9999.0,-9999.0,-9999.0,-9999.0,-9999.0,-9999.0,-9999.0,-9999.0,-9999.0,-9999.0,-9999.0,-9999.0
P21_HV1_1_interaction,active_and_state_lat_and_long_zero_last_source_row_continuous_segment,P21,HV1,1,on_ramp,P21_HV1_1,P21_HV1.1.asc,HV1,60,initiator_active,3307,1,55116.67,55116.6668,1.0,1.0,23.681862,85.254704,150.0,39.123122,-1337.129876,0.19834,-0.5029,0.0,23.686716,0.009956,0.0,1337.181947,-30.272283,6.275207,1.0,0.0,0.0,0.0,1334.538708,-38.080019,1021.0,5006.0,0.0,148.0,-0.338075,35.196529,126.707506,35.195836,0.220927,3.4e-05,0.188481,-0.844198,0.000807,0.098753,0.336,0.0,1.0,0.0,0.0,0.0,-9999.0,-9999.0,-9999.0,-9999.0,-9999.0,-9999.0,-9999.0,-9999.0,-9999.0,-9999.0,-9999.0,-9999.0,-9999.0,-9999.0
P21_HV1_1_interaction,active_and_state_lat_and_long_zero_last_source_row_continuous_segment,P21,HV1,1,on_ramp,P21_HV1_1,P21_HV1.1.asc,HV1,60,initiator_active,3308,1,55133.35,55133.3494,1.0,1.0,23.68507,85.266251,150.0,39.518247,-1337.524569,0.198186,-0.530733,0.0,23.690018,0.011352,0.0,1337.576727,-30.275383,6.27479,1.0,0.0,0.0,0.0,1335.12525,-38.072436,1021.0,5006.0,0.0,148.0,-0.33023,35.199582,126.718494,35.198852,0.226605,4.8e-05,0.188715,-0.859651,0.000787,0.098753,0.33625,0.0,1.0,0.0,0.0,0.0,-9999.0,-9999.0,-9999.0,-9999.0,-9999.0,-9999.0,-9999.0,-9999.0,-9999.0,-9999.0,-9999.0,-9999.0,-9999.0,-9999.0
P21_HV1_1_interaction,active_and_state_lat_and_long_zero_last_source_row_continuous_segment,P21,HV1,1,on_ramp,P21_HV1_1,P21_HV1.1.asc,HV1,60,initiator_active,3309,1,55150.0,55150.002,1.0,1.0,23.688367,85.278122,150.0,39.91342,-1337.919318,0.198003,-0.554871,0.0,23.693316,0.012798,0.0,1337.971561,-30.278632,6.274352,1.0,0.0,0.0,0.0,1335.711846,-38.065098,1021.0,5006.0,0.0,148.0,-0.322654,35.202634,126.729484,35.201873,0.231531,6.1e-05,0.188858,-0.871592,0.000759,0.097497,0.3365,0.0,1.0,0.0,0.0,0.0,-9999.0,-9999.0,-9999.0,-9999.0,-9999.0,-9999.0,-9999.0,-9999.0,-9999.0,-9999.0,-9999.0,-9999.0,-9999.0,-9999.0
P21_HV1_1_interaction,active_and_state_lat_and_long_zero_last_source_row_continuous_segment,P21,HV1,1,on_ramp,P21_HV1_1,P21_HV1.1.asc,HV1,60,initiator_active,3310,1,55166.67,55166.6669,1.0,1.0,23.691667,85.290003,150.0,40.308641,-1338.314124,0.193899,-0.578752,0.0,23.69661,0.014343,0.0,1338.366449,-30.282036,6.273892,1.0,0.0,0.0,0.0,1336.298496,-38.058006,1021.0,5006.0,0.0,148.0,-0.315351,35.205687,126.740472,35.204897,0.235744,7.3e-05,0.189058,-0.883234,0.00073,0.097497,0.3365,0.0,1.0,0.0,0.0,0.0,-9999.0,-9999.0,-9999.0,-9999.0,-9999.0,-9999.0,-9999.0,-9999.0,-9999.0,-9999.0,-9999.0,-9999.0,-9999.0,-9999.0
P21_HV1_1_interaction,active_and_state_lat_and_long_zero_last_source_row_continuous_segment,P21,HV1,1,on_ramp,P21_HV1_1,P21_HV1.1.asc,HV1,60,initiator_active,3311,1,55183.34,55183.3409,1.0,1.0,23.694963,85.301868,150.0,40.70391,-1338.708987,0.193483,-0.605879,0.0,23.699846,0.015979,0.0,1338.76139,-30.285602,6.273411,1.0,0.0,0.0,0.0,1336.8852,-38.051165,1021.0,5006.0,0.0,148.0,-0.308324,35.20874,126.751464,35.207927,0.239345,8.5e-05,0.18925,-0.884758,0.000688,0.093572,0.3365,0.0,1.0,0.0,0.0,0.0,-9999.0,-9999.0,-9999.0,-9999.0,-9999.0,-9999.0,-9999.0,-9999.0,-9999.0,-9999.0,-9999.0,-9999.0,-9999.0,-9999.0
P21_HV1_1_interaction,active_and_state_lat_and_long_zero_last_source_row_continuous_segment,P21,HV1,1,on_ramp,P21_HV1_1,P21_HV1.1.asc,HV1,60,initiator_active,3312,1,55200.0,55200.0001,1.0,1.0,23.698223,85.313604,150.0,41.099226,-1339.103908,0.197694,-0.626808,0.0,23.703077,0.017666,0.0,1339.156383,-30.289337,6.27291,1.0,0.0,0.0,0.0,1337.471957,-38.044577,1021.0,5006.0,0.0,148.0,-0.301574,35.211791,126.762447,35.210957,0.242323,9.6e-05,0.189033,-0.887718,0.000647,0.09106,0.33625,0.0,1.0,0.0,0.0,0.0,-9999.0,-9999.0,-9999.0,-9999.0,-9999.0,-9999.0,-9999.0,-9999.0,-9999.0,-9999.0,-9999.0,-9999.0,-9999.0,-9999.0
P21_HV1_1_interaction,active_and_state_lat_and_long_zero_last_source_row_continuous_segment,P21,HV1,1,on_ramp,P21_HV1_1,P21_HV1.1.asc,HV1,60,initiator_active,3313,1,55216.67,55216.6678,1.0,1.0,23.701454,85.325236,150.0,41.494589,-1339.498884,0.216151,-0.653907,0.0,23.706535,0.019424,0.0,1339.551428,-30.293248,6.272388,1.0,0.0,0.0,0.0,1338.058769,-38.038242,1021.0,5006.0,0.0,148.0,-0.295103,35.214838,126.773418,35.213988,0.244688,0.000106,0.18907,-0.890384,0.000616,0.089176,0.336,0.0,1.0,0.0,0.0,0.0,-9999.0,-9999.0,-9999.0,-9999.0,-9999.0,-9999.0,-9999.0,-9999.0,-9999.0,-9999.0,-9999.0,-9999.0,-9999.0,-9999.0
P21_HV1_1_interaction,active_and_state_lat_and_long_zero_last_source_row_continuous_segment,P21,HV1,1,on_ramp,P21_HV1_1,P21_HV1.1.asc,HV1,60,initiator_active,3314,1,55233.33,55233.3342,1.0,1.0,23.704721,85.336995,150.0,41.889999,-1339.893917,0.207944,-0.681975,0.0,23.710047,0.021224,0.0,1339.946531,-30.297342,6.271847,1.0,0.0,0.0,0.0,1338.645633,-38.032163,1021.0,5006.0,0.0,148.0,-0.288909,35.217886,126.784389,35.217024,0.246433,0.000116,0.189091,-0.893137,0.000595,0.088077,0.336,0.0,1.0,0.0,0.0,0.0,-9999.0,-9999.0,-9999.0,-9999.0,-9999.0,-9999.0,-9999.0,-9999.0,-9999.0,-9999.0,-9999.0,-9999.0,-9999.0,-9999.0
P21_HV1_1_interaction,active_and_state_lat_and_long_zero_last_source_row_continuous_segment,P21,HV1,1,on_ramp,P21_HV1_1,P21_HV1.1.asc,HV1,60,initiator_active,3315,1,55250.0,55250.0008,1.0,1.0,23.708331,85.349992,150.0,42.285461,-1340.289011,0.203594,-0.708525,0.0,23.713487,0.023046,0.0,1340.341689,-30.301627,6.271287,1.0,0.0,0.0,0.0,1339.265159,-38.026023,1021.0,5006.0,0.0,148.0,-0.282675,35.221101,126.795965,35.220231,0.247609,0.000127,0.189041,-0.895467,0.000582,0.087449,0.3355,0.0,1.0,0.0,0.0,0.0,-9999.0,-9999.0,-9999.0,-9999.0,-9999.0,-9999.0,-9999.0,-9999.0,-9999.0,-9999.0,-9999.0,-9999.0,-9999.0,-9999.0
P21_HV1_1_interaction,active_and_state_lat_and_long_zero_last_source_row_continuous_segment,P21,HV1,1,on_ramp,P21_HV1_1,P21_HV1.1.asc,HV1,60,initiator_active,3316,1,55266.68,55266.6792,1.0,1.0,23.711775,85.362389,150.0,42.680972,-1340.684166,0.206885,-0.734902,0.0,23.716863,0.024834,0.0,1340.736903,-30.306108,6.270708,1.0,0.0,0.0,0.0,1339.819522,-38.020771,1021.0,5006.0,0.0,148.0,-0.277359,35.223977,126.806317,35.223103,0.248103,0.000136,0.188978,-0.896658,0.000573,0.087135,0.3355,0.0,1.0,0.0,0.0,0.0,-9999.0,-9999.0,-9999.0,-9999.0,-9999.0,-9999.0,-9999.0,-9999.0,-9999.0,-9999.0,-9999.0,-9999.0,-9999.0,-9999.0
P21_HV1_1_interaction,active_and_state_lat_and_long_zero_last_source_row_continuous_segment,P21,HV1,1,on_ramp,P21_HV1_1,P21_HV1.1.asc,HV1,60,initiator_active,3317,1,55283.33,55283.3343,1.0,1.0,23.715178,85.374641,150.0,43.076533,-1341.07938,0.203094,-0.763894,0.0,23.720287,0.026659,0.0,1341.13217,-30.310795,6.27011,1.0,0.0,0.0,0.0,1340.406546,-38.01546,1021.0,5006.0,0.0,148.0,-0.272002,35.22702,126.817273,35.226147,0.248088,0.000145,0.188893,-0.896543,0.000559,0.086821,0.3355,0.0,1.0,0.0,0.0,0.0,-9999.0,-9999.0,-9999.0,-9999.0,-9999.0,-9999.0,-9999.0,-9999.0,-9999.0,-9999.0,-9999.0,-9999.0,-9999.0,-9999.0
P21_HV1_1_interaction,active_and_state_lat_and_long_zero_last_source_row_continuous_segment,P21,HV1,1,on_ramp,P21_HV1_1,P21_HV1.1.asc,HV1,60,initiator_active,3318,1,55300.0,55300.0008,1.0,1.0,23.718581,85.38689,150.0,43.472142,-1341.474652,0.202261,-0.790481,0.0,23.723652,0.028422,0.0,1341.527492,-30.315694,6.269494,1.0,0.0,0.0,0.0,1340.993624,-38.010405,1021.0,5006.0,0.0,148.0,-0.266923,35.230064,126.828232,35.229195,0.247564,0.000154,0.189042,-0.894412,0.000535,0.086193,0.33525,0.0,1.0,0.0,0.0,0.0,-9999.0,-9999.0,-9999.0,-9999.0,-9999.0,-9999.0,-9999.0,-9999.0,-9999.0,-9999.0,-9999.0,-9999.0,-9999.0,-9999.0
P21_HV1_1_interaction,active_and_state_lat_and_long_zero_last_source_row_continuous_segment,P21,HV1,1,on_ramp,P21_HV1_1,P21_HV1.1.asc,HV1,60,initiator_active,3319,1,55316.67,55316.6667,1.0,1.0,23.721973,85.399101,150.0,43.8678,-1341.869984,0.202042,-0.821368,0.0,23.727005,0.030176,0.0,1341.922867,-30.320814,6.268859,1.0,0.0,0.0,0.0,1341.580754,-38.005606,1021.0,5006.0,0.0,148.0,-0.262121,35.233114,126.839209,35.232251,0.246588,0.000163,0.189368,-0.889047,0.000498,0.084623,0.33525,0.0,1.0,0.0,0.0,0.0,-9999.0,-9999.0,-9999.0,-9999.0,-9999.0,-9999.0,-9999.0,-9999.0,-9999.0,-9999.0,-9999.0,-9999.0,-9999.0,-9999.0
P21_HV1_1_interaction,active_and_state_lat_and_long_zero_last_source_row_continuous_segment,P21,HV1,1,on_ramp,P21_HV1_1,P21_HV1.1.asc,HV1,60,initiator_active,3320,1,55333.33,55333.3342,1.0,1.0,23.725329,85.411185,150.0,44.263505,-1342.265374,0.236602,-0.849823,0.0,23.730387,0.031919,0.0,1342.318295,-30.326162,6.268205,1.0,0.0,0.0,0.0,1342.167936,-38.001061,1021.0,5006.0,0.0,148.0,-0.257594,35.236168,126.850205,35.235315,0.245212,0.000171,0.189525,-0.881561,0.000452,0.082582,0.33525,0.0,1.0,0.0,0.0,0.0,-9999.0,-9999.0,-9999.0,-9999.0,-9999.0,-9999.0,-9999.0,-9999.0,-9999.0,-9999.0,-9999.0,-9999.0,-9999.0,-9999.0
P21_HV1_1_interaction,active_and_state_lat_and_long_zero_last_source_row_continuous_segment,P21,HV1,1,on_ramp,P21_HV1_1,P21_HV1.1.asc,HV1,60,initiator_active,3321,1,55350.0,55350.0011,1.0,1.0,23.72868,85.423249,150.0,44.659257,-1342.660822,0.226546,-0.875696,0.0,23.734476,0.033634,0.0,1342.713779,-30.331746,6.267532,1.0,0.0,0.0,0.0,1342.755172,-37.996769,1021.0,5006.0,0.0,148.0,-0.25334,35.239225,126.861211,35.238384,0.243437,0.000178,0.189514,-0.877375,0.000409,0.082582,0.33525,0.0,1.0,0.0,0.0,0.0,-9999.0,-9999.0,-9999.0,-9999.0,-9999.0,-9999.0,-9999.0,-9999.0,-9999.0,-9999.0,-9999.0,-9999.0,-9999.0,-9999.0
P21_HV1_1_interaction,active_and_state_lat_and_long_zero_last_source_row_continuous_segment,P21,HV1,1,on_ramp,P21_HV1_1,P21_HV1.1.asc,HV1,60,initiator_active,3322,1,55366.67,55366.6681,1.0,1.0,23.732349,85.436457,150.0,45.055059,-1343.05633,0.215271,-0.905619,0.0,23.738194,0.035329,0.0,1343.109326,-30.337575,6.266839,1.0,1.0,0.0,0.0,1343.34246,-37.992729,1021.0,5006.0,0.0,148.0,-0.249356,35.242282,126.872217,35.241456,0.241347,0.000184,0.189336,-0.862226,0.000349,0.077872,0.3355,0.0,1.0,0.0,0.0,0.0,-9999.0,-9999.0,-9999.0,-9999.0,-9999.0,-9999.0,-9999.0,-9999.0,-9999.0,-9999.0,-9999.0,-9999.0,-9999.0,-9999.0
P21_HV1_1_interaction,active_and_state_lat_and_long_zero_last_source_row_continuous_segment,P21,HV1,1,on_ramp,P21_HV1_1,P21_HV1.1.asc,HV1,60,initiator_active,3323,1,55383.33,55383.3335,1.0,1.0,23.736354,85.450874,150.0,45.45092,-1343.451909,0.197037,-0.935504,0.0,23.741645,0.037022,0.0,1343.504931,-30.343656,6.266128,1.0,1.0,0.0,0.0,1343.929801,-37.988936,1021.0,5006.0,0.0,148.0,-0.24564,35.245336,126.883211,35.244527,0.23893,0.00019,0.188933,-0.851567,0.000298,0.075674,0.3355,0.0,1.0,0.0,0.0,0.0,-9999.0,-9999.0,-9999.0,-9999.0,-9999.0,-9999.0,-9999.0,-9999.0,-9999.0,-9999.0,-9999.0,-9999.0,-9999.0,-9999.0
P21_HV1_1_interaction,active_and_state_lat_and_long_zero_last_source_row_continuous_segment,P21,HV1,1,on_ramp,P21_HV1_1,P21_HV1.1.asc,HV1,60,initiator_active,3324,1,55400.0,55400.0008,1.0,1.0,23.739977,85.463917,150.0,45.846831,-1343.84755,0.20136,-0.959749,0.0,23.744903,0.038707,0.0,1343.900588,-30.349997,6.265396,1.0,1.0,0.0,0.0,1344.517194,-37.985389,1021.0,5006.0,0.0,148.0,-0.242188,35.248388,126.894195,35.247596,0.236183,0.000194,0.188711,-0.840035,0.000251,0.073476,0.3355,0.0,1.0,0.0,0.0,0.0,-9999.0,-9999.0,-9999.0,-9999.0,-9999.0,-9999.0,-9999.0,-9999.0,-9999.0,-9999.0,-9999.0,-9999.0,-9999.0,-9999.0
P21_HV1_1_interaction,active_and_state_lat_and_long_zero_last_source_row_continuous_segment,P21,HV1,1,on_ramp,P21_HV1_1,P21_HV1.1.asc,HV1,60,initiator_active,3325,1,55416.67,55416.668,1.0,1.0,23.743275,85.47579,150.0,46.24279,-1344.243249,0.205239,-0.989212,0.0,23.748259,0.040408,0.0,1344.296296,-30.356607,6.264645,1.0,1.0,0.0,0.0,1345.104639,-37.982084,1021.0,5006.0,0.0,148.0,-0.238996,35.251435,126.905167,35.250664,0.233123,0.000198,0.188174,-0.827321,0.000211,0.071121,0.336,0.0,1.0,0.0,0.0,0.0,-9999.0,-9999.0,-9999.0,-9999.0,-9999.0,-9999.0,-9999.0,-9999.0,-9999.0,-9999.0,-9999.0,-9999.0,-9999.0,-9999.0
P21_HV1_1_interaction,active_and_state_lat_and_long_zero_last_source_row_continuous_segment,P21,HV1,1,on_ramp,P21_HV1_1,P21_HV1.1.asc,HV1,60,initiator_active,3326,1,55433.33,55433.3334,1.0,1.0,23.746567,85.487643,150.0,46.638792,-1344.639005,0.204928,-1.017543,0.0,23.75165,0.042124,0.0,1344.692055,-30.363492,6.263874,1.0,1.0,0.0,0.0,1345.692137,-37.979018,1021.0,5006.0,0.0,148.0,-0.236061,35.254477,126.916118,35.253728,0.229765,0.000201,0.18781,-0.81387,0.000174,0.068766,0.33525,0.0,1.0,0.0,0.0,0.0,-9999.0,-9999.0,-9999.0,-9999.0,-9999.0,-9999.0,-9999.0,-9999.0,-9999.0,-9999.0,-9999.0,-9999.0,-9999.0,-9999.0
P21_HV1_1_interaction,active_and_state_lat_and_long_zero_last_source_row_continuous_segment,P21,HV1,1,on_ramp,P21_HV1_1,P21_HV1.1.asc,HV1,60,initiator_active,3327,1,55450.0,55450.0003,1.0,1.0,23.749955,85.499839,150.0,47.03484,-1345.034819,0.204508,-1.043011,0.0,23.755033,0.043861,0.0,1345.087865,-30.370661,6.263083,1.0,1.0,0.0,0.0,1346.279686,-37.976187,1021.0,5006.0,0.0,148.0,-0.233377,35.257518,126.927066,35.256793,0.226102,0.000204,0.187627,-0.804469,0.00015,0.068766,0.33525,0.0,1.0,0.0,0.0,0.0,-9999.0,-9999.0,-9999.0,-9999.0,-9999.0,-9999.0,-9999.0,-9999.0,-9999.0,-9999.0,-9999.0,-9999.0,-9999.0,-9999.0
P21_HV1_1_interaction,active_and_state_lat_and_long_zero_last_source_row_continuous_segment,P21,HV1,1,on_ramp,P21_HV1_1,P21_HV1.1.asc,HV1,60,initiator_active,3328,1,55466.67,55466.6668,1.0,1.0,23.753343,85.512035,150.0,47.430934,-1345.43069,0.188155,-1.068963,0.0,23.758408,0.045613,0.0,1345.483727,-30.37812,6.262272,1.0,1.0,0.0,0.0,1346.867287,-37.973587,1021.0,5006.0,0.0,148.0,-0.230942,35.260559,126.938011,35.259859,0.222203,0.000206,0.187358,-0.785434,9.9e-05,0.064527,0.335,0.002198,1.0,0.0,0.0,0.0,-9999.0,-9999.0,-9999.0,-9999.0,-9999.0,-9999.0,-9999.0,-9999.0,-9999.0,-9999.0,-9999.0,-9999.0,-9999.0,-9999.0
P21_HV1_1_interaction,active_and_state_lat_and_long_zero_last_source_row_continuous_segment,P21,HV1,1,on_ramp,P21_HV1_1,P21_HV1.1.asc,HV1,60,initiator_active,3329,1,55483.33,55483.334,1.0,1.0,23.756722,85.524197,150.0,47.827074,-1345.826619,0.202544,-1.098355,0.0,23.761547,0.047428,0.0,1345.879637,-30.385879,6.261441,1.0,1.0,0.0,0.0,1347.454939,-37.971215,1021.0,5006.0,0.0,148.0,-0.22875,35.263346,126.948045,35.262672,0.218046,0.000207,0.166946,-0.771387,5.3e-05,0.062957,0.335,0.0,1.0,0.0,0.0,0.0,-9999.0,-9999.0,-9999.0,-9999.0,-9999.0,-9999.0,-9999.0,-9999.0,-9999.0,-9999.0,-9999.0,-9999.0,-9999.0,-9999.0
P21_HV1_1_interaction,active_and_state_lat_and_long_zero_last_source_row_continuous_segment,P21,HV1,1,on_ramp,P21_HV1_1,P21_HV1.1.asc,HV1,60,initiator_active,3330,1,55500.0,55500.0012,1.0,1.0,23.759958,85.53585,150.0,48.223256,-1346.222604,0.208778,-1.119405,0.0,23.764903,0.049239,0.0,1346.275596,-30.393943,6.260591,1.0,1.0,0.0,0.0,1348.042639,-37.969067,1021.0,5006.0,0.0,148.0,-0.226797,35.266284,126.958622,35.265637,0.213629,0.000207,0.185654,-0.758074,-7.1e-05,0.062015,0.335,0.002198,1.0,0.0,0.0,0.0,-9999.0,-9999.0,-9999.0,-9999.0,-9999.0,-9999.0,-9999.0,-9999.0,-9999.0,-9999.0,-9999.0,-9999.0,-9999.0,-9999.0
P21_HV1_1_interaction,active_and_state_lat_and_long_zero_last_source_row_continuous_segment,P21,HV1,1,on_ramp,P21_HV1_1,P21_HV1.1.asc,HV1,60,initiator_active,3331,1,55516.67,55516.668,1.0,1.0,23.763217,85.547581,150.0,48.61948,-1346.618644,0.207369,-1.144269,0.0,23.768364,0.051116,0.0,1346.671604,-30.40232,6.259721,1.0,1.0,0.0,0.0,1348.630388,-37.967137,1021.0,5006.0,0.0,148.0,-0.225078,35.269065,126.968633,35.268446,0.208972,0.000205,0.166653,-0.744068,-0.000226,0.061073,0.335,0.0,1.0,0.0,0.0,0.0,-9999.0,-9999.0,-9999.0,-9999.0,-9999.0,-9999.0,-9999.0,-9999.0,-9999.0,-9999.0,-9999.0,-9999.0,-9999.0,-9999.0
P21_HV1_1_interaction,active_and_state_lat_and_long_zero_last_source_row_continuous_segment,P21,HV1,1,on_ramp,P21_HV1_1,P21_HV1.1.asc,HV1,60,initiator_active,3332,1,55533.33,55533.3342,1.0,1.0,23.766624,85.559846,150.0,49.015748,-1347.01474,0.207391,-1.167407,0.0,23.771752,0.053076,0.0,1347.067663,-30.411017,6.258833,1.0,1.0,0.0,0.0,1349.218185,-37.965422,1021.0,5006.0,0.0,148.0,-0.223588,35.27201,126.979237,35.27142,0.204105,0.000198,0.185867,-0.729904,-0.000416,0.060288,0.335,0.0,1.0,0.0,0.0,0.0,-9999.0,-9999.0,-9999.0,-9999.0,-9999.0,-9999.0,-9999.0,-9999.0,-9999.0,-9999.0,-9999.0,-9999.0,-9999.0,-9999.0
P21_HV1_1_interaction,active_and_state_lat_and_long_zero_last_source_row_continuous_segment,P21,HV1,1,on_ramp,P21_HV1_1,P21_HV1.1.asc,HV1,60,initiator_active,3333,1,55550.01,55550.0075,1.0,1.0,23.770072,85.572259,150.0,49.412061,-1347.410894,0.210462,-1.188825,0.0,23.775186,0.055067,0.0,1347.463771,-30.42004,6.257927,1.0,1.0,0.0,0.0,1349.806032,-37.963918,1021.0,5006.0,0.0,148.0,-0.222324,35.275053,126.990192,35.274492,0.199054,0.00019,0.186993,-0.715553,-0.000611,0.05966,0.335,0.0,1.0,0.0,0.0,0.0,-9999.0,-9999.0,-9999.0,-9999.0,-9999.0,-9999.0,-9999.0,-9999.0,-9999.0,-9999.0,-9999.0,-9999.0,-9999.0,-9999.0
P21_HV1_1_interaction,active_and_state_lat_and_long_zero_last_source_row_continuous_segment,P21,HV1,1,on_ramp,P21_HV1_1,P21_HV1.1.asc,HV1,60,initiator_active,3334,1,55566.67,55566.6727,1.0,1.0,23.773458,85.584449,150.0,49.808417,-1347.807105,0.210031,-1.211134,0.0,23.778645,0.057112,0.0,1347.859929,-30.429394,6.257004,1.0,1.0,0.0,0.0,1350.393929,-37.962621,1021.0,5006.0,0.0,148.0,-0.221279,35.278106,127.001183,35.277574,0.193845,0.000178,0.187181,-0.701462,-0.000754,0.059346,0.33325,0.0,1.0,0.0,0.0,0.0,-9999.0,-9999.0,-9999.0,-9999.0,-9999.0,-9999.0,-9999.0,-9999.0,-9999.0,-9999.0,-9999.0,-9999.0,-9999.0,-9999.0
P21_HV1_1_interaction,active_and_state_lat_and_long_zero_last_source_row_continuous_segment,P21,HV1,1,on_ramp,P21_HV1_1,P21_HV1.1.asc,HV1,60,initiator_active,3335,1,55583.34,55583.3392,1.0,1.0,23.776917,85.5969,150.0,50.204817,-1348.203373,0.206843,-1.230657,0.0,23.782061,0.059189,0.0,1348.256136,-30.439087,6.256065,1.0,1.0,0.0,0.0,1350.981877,-37.961525,1021.0,5006.0,0.0,148.0,-0.220449,35.281168,127.012204,35.280664,0.188501,0.000164,0.187684,-0.68771,-0.000839,0.059817,0.33325,0.0,1.0,0.0,0.0,0.0,-9999.0,-9999.0,-9999.0,-9999.0,-9999.0,-9999.0,-9999.0,-9999.0,-9999.0,-9999.0,-9999.0,-9999.0,-9999.0,-9999.0
P21_HV1_1_interaction,active_and_state_lat_and_long_zero_last_source_row_continuous_segment,P21,HV1,1,on_ramp,P21_HV1_1,P21_HV1.1.asc,HV1,60,initiator_active,3336,1,55600.06,55600.0611,1.0,1.0,23.780371,85.609335,150.0,50.601261,-1348.599698,0.209657,-1.244802,0.0,23.785475,0.061315,0.0,1348.652392,-30.449123,6.255111,1.0,1.0,0.0,0.0,1351.569877,-37.960628,1021.0,5006.0,0.0,148.0,-0.21983,35.284233,127.023239,35.283758,0.183053,0.00015,0.187235,-0.673695,-0.000884,0.060288,0.33275,0.0,1.0,0.0,0.0,0.0,-9999.0,-9999.0,-9999.0,-9999.0,-9999.0,-9999.0,-9999.0,-9999.0,-9999.0,-9999.0,-9999.0,-9999.0,-9999.0,-9999.0
P21_HV1_1_interaction,active_and_state_lat_and_long_zero_last_source_row_continuous_segment,P21,HV1,1,on_ramp,P21_HV1_1,P21_HV1.1.asc,HV1,60,initiator_active,3337,1,55616.67,55616.6675,1.0,1.0,23.783759,85.621531,150.0,50.997747,-1348.99608,0.209473,-1.265086,0.0,23.788914,0.063477,0.0,1349.048696,-30.459507,6.254143,1.0,1.0,0.0,0.0,1352.157928,-37.959924,1021.0,5006.0,0.0,148.0,-0.219416,35.287292,127.03425,35.286845,0.177523,0.000135,0.186721,-0.661347,-0.000908,0.06123,0.33225,0.0,1.0,0.0,0.0,0.0,-9999.0,-9999.0,-9999.0,-9999.0,-9999.0,-9999.0,-9999.0,-9999.0,-9999.0,-9999.0,-9999.0,-9999.0,-9999.0,-9999.0
P21_HV1_1_interaction,active_and_state_lat_and_long_zero_last_source_row_continuous_segment,P21,HV1,1,on_ramp,P21_HV1_1,P21_HV1.1.asc,HV1,60,initiator_active,3338,1,55633.35,55633.3463,1.0,1.0,23.787195,85.633902,150.0,51.394275,-1349.392517,0.209257,-1.280614,0.0,23.792346,0.06563,0.0,1349.445048,-30.470243,6.253164,1.0,1.0,0.0,0.0,1352.74603,-37.959409,1021.0,5006.0,0.0,148.0,-0.219203,35.290345,127.045242,35.289926,0.171933,0.00012,0.186291,-0.649338,-0.000918,0.062329,0.3325,0.0,1.0,0.0,0.0,0.0,-9999.0,-9999.0,-9999.0,-9999.0,-9999.0,-9999.0,-9999.0,-9999.0,-9999.0,-9999.0,-9999.0,-9999.0,-9999.0,-9999.0
P21_HV1_1_interaction,active_and_state_lat_and_long_zero_last_source_row_continuous_segment,P21,HV1,1,on_ramp,P21_HV1_1,P21_HV1.1.asc,HV1,60,initiator_active,3339,1,55650.0,55650.0005,1.0,1.0,23.790631,85.646271,150.0,51.790845,-1349.78901,0.21712,-1.295447,0.0,23.795772,0.067801,0.0,1349.841447,-30.481337,6.252174,1.0,1.0,0.0,0.0,1353.334183,-37.959079,1021.0,5006.0,0.0,148.0,-0.219186,35.293396,127.056227,35.293005,0.166321,0.000104,0.186098,-0.63728,-0.000919,0.063428,0.33275,0.0,0.0,0.0,0.0,0.0,-9999.0,-9999.0,-9999.0,-9999.0,-9999.0,-9999.0,-9999.0,-9999.0,-9999.0,-9999.0,-9999.0,-9999.0,-9999.0,-9999.0
P21_HV1_1_interaction,active_and_state_lat_and_long_zero_last_source_row_continuous_segment,P21,HV1,1,on_ramp,P21_HV1_1,P21_HV1.1.asc,HV1,60,initiator_active,3340,1,55666.67,55666.6675,1.0,1.0,23.79406,85.658615,150.0,52.187457,-1350.185559,0.206922,-1.306971,0.0,23.799274,0.069934,0.0,1350.237894,-30.492791,6.251175,1.0,1.0,0.0,0.0,1353.922387,-37.958932,1021.0,5006.0,0.0,148.0,-0.219361,35.296448,127.067213,35.296082,0.160727,8.9e-05,0.185963,-0.6256,-0.00091,0.064684,0.33275,0.0,0.0,0.0,0.0,0.0,-9999.0,-9999.0,-9999.0,-9999.0,-9999.0,-9999.0,-9999.0,-9999.0,-9999.0,-9999.0,-9999.0,-9999.0,-9999.0,-9999.0
P21_HV1_1_interaction,active_and_state_lat_and_long_zero_last_source_row_continuous_segment,P21,HV1,1,on_ramp,P21_HV1_1,P21_HV1.1.asc,HV1,60,initiator_active,3341,1,55683.33,55683.3343,1.0,1.0,23.79755,85.671181,150.0,52.58411,-1350.582164,0.211486,-1.319376,0.0,23.802701,0.072063,0.0,1350.634388,-30.504611,6.250168,1.0,1.0,0.0,0.0,1354.510642,-37.958961,1021.0,5006.0,0.0,148.0,-0.219723,35.2995,127.078201,35.299159,0.15519,7.4e-05,0.185856,-0.613731,-0.000891,0.065783,0.33275,0.0,0.0,0.0,0.0,0.0,-9999.0,-9999.0,-9999.0,-9999.0,-9999.0,-9999.0,-9999.0,-9999.0,-9999.0,-9999.0,-9999.0,-9999.0,-9999.0,-9999.0
P21_HV1_1_interaction,active_and_state_lat_and_long_zero_last_source_row_continuous_segment,P21,HV1,1,on_ramp,P21_HV1_1,P21_HV1.1.asc,HV1,60,initiator_active,3342,1,55700.0,55700.0007,1.0,1.0,23.800966,85.683477,150.0,52.980804,-1350.978824,0.204643,-1.328485,0.0,23.806138,0.074136,0.0,1351.030929,-30.516798,6.249156,1.0,0.0,0.0,0.0,1355.098948,-37.959165,1021.0,5006.0,0.0,148.0,-0.220269,35.302553,127.089191,35.302235,0.149746,6e-05,0.185739,-0.602091,-0.00086,0.066882,0.33275,0.0,0.0,0.0,0.0,0.0,-9999.0,-9999.0,-9999.0,-9999.0,-9999.0,-9999.0,-9999.0,-9999.0,-9999.0,-9999.0,-9999.0,-9999.0,-9999.0,-9999.0
P21_HV1_1_interaction,active_and_state_lat_and_long_zero_last_source_row_continuous_segment,P21,HV1,1,on_ramp,P21_HV1_1,P21_HV1.1.asc,HV1,60,initiator_active,3343,1,55716.67,55716.6674,1.0,1.0,23.80443,85.695947,150.0,53.377539,-1351.375538,0.200308,-1.337632,0.0,23.809488,0.076156,0.0,1351.427514,-30.529355,6.248139,1.0,0.0,0.0,0.0,1355.687304,-37.959538,1021.0,5006.0,0.0,148.0,-0.220994,35.305606,127.100182,35.305311,0.144431,4.6e-05,0.185631,-0.590103,-0.000819,0.067667,0.33275,0.0,0.0,0.0,0.0,0.0,-9999.0,-9999.0,-9999.0,-9999.0,-9999.0,-9999.0,-9999.0,-9999.0,-9999.0,-9999.0,-9999.0,-9999.0,-9999.0,-9999.0
P21_HV1_1_interaction,active_and_state_lat_and_long_zero_last_source_row_continuous_segment,P21,HV1,1,on_ramp,P21_HV1_1,P21_HV1.1.asc,HV1,60,initiator_active,3344,1,55733.33,55733.3342,1.0,1.0,23.807808,85.70811,150.0,53.774313,-1351.772306,0.208339,-1.343584,0.0,23.812778,0.078116,0.0,1351.824144,-30.542285,6.247119,1.0,0.0,0.0,0.0,1356.275711,-37.960078,1021.0,5006.0,0.0,148.0,-0.221893,35.308645,127.111123,35.308371,0.139276,3.3e-05,0.183859,-0.578169,-0.000771,0.068295,0.33275,0.0,0.0,0.0,0.0,0.0,-9999.0,-9999.0,-9999.0,-9999.0,-9999.0,-9999.0,-9999.0,-9999.0,-9999.0,-9999.0,-9999.0,-9999.0,-9999.0,-9999.0
P21_HV1_1_interaction,active_and_state_lat_and_long_zero_last_source_row_continuous_segment,P21,HV1,1,on_ramp,P21_HV1_1,P21_HV1.1.asc,HV1,60,initiator_active,3345,1,55750.0,55750.0,1.0,1.0,23.811121,85.720034,150.0,54.171124,-1352.169127,0.213491,-1.354362,0.0,23.816184,0.08,0.0,1352.220816,-30.55559,6.246098,1.0,0.0,0.0,0.0,1356.864169,-37.960781,1021.0,5006.0,0.0,148.0,-0.222963,35.31166,127.121976,35.311404,0.134307,2e-05,0.182718,-0.566356,-0.000722,0.068766,0.33275,0.0,0.0,0.0,0.0,0.0,-9999.0,-9999.0,-9999.0,-9999.0,-9999.0,-9999.0,-9999.0,-9999.0,-9999.0,-9999.0,-9999.0,-9999.0,-9999.0,-9999.0
P21_HV1_1_interaction,active_and_state_lat_and_long_zero_last_source_row_continuous_segment,P21,HV1,1,on_ramp,P21_HV1_1,P21_HV1.1.asc,HV1,60,initiator_active,3346,1,55766.67,55766.6667,1.0,1.0,23.814477,85.732117,150.0,54.567973,-1352.565999,0.209615,-1.360961,0.0,23.819655,0.081727,0.0,1352.617534,-30.569271,6.245077,1.0,0.0,0.0,0.0,1357.452677,-37.961642,1021.0,5006.0,0.0,148.0,-0.224199,35.314661,127.132781,35.314424,0.129545,9e-06,0.181823,-0.554376,-0.000677,0.068923,0.33275,0.0,0.0,0.0,0.0,0.0,-9999.0,-9999.0,-9999.0,-9999.0,-9999.0,-9999.0,-9999.0,-9999.0,-9999.0,-9999.0,-9999.0,-9999.0,-9999.0,-9999.0
P21_HV1_1_interaction,active_and_state_lat_and_long_zero_last_source_row_continuous_segment,P21,HV1,1,on_ramp,P21_HV1_1,P21_HV1.1.asc,HV1,60,initiator_active,3347,1,55783.33,55783.3335,1.0,1.0,23.817925,85.744531,150.0,54.96486,-1352.962923,0.106506,-1.367264,0.0,23.822564,0.08333,0.0,1353.014295,-30.583331,6.244057,1.0,0.0,0.0,0.0,1358.041234,-37.96266,1021.0,5006.0,0.0,148.0,-0.225598,35.317649,127.143538,35.317428,0.125005,-2e-06,0.180876,-0.542598,-0.000634,0.068923,0.33275,0.0,0.0,0.0,0.0,0.0,-9999.0,-9999.0,-9999.0,-9999.0,-9999.0,-9999.0,-9999.0,-9999.0,-9999.0,-9999.0,-9999.0,-9999.0,-9999.0,-9999.0
P21_HV1_1_interaction,active_and_state_lat_and_long_zero_last_source_row_continuous_segment,P21,HV1,1,on_ramp,P21_HV1_1,P21_HV1.1.asc,HV1,60,initiator_active,3348,1,55800.0,55800.0001,1.0,1.0,23.821363,85.756906,150.0,55.361786,-1353.359901,0.232034,-1.369973,0.0,23.824686,0.084791,0.0,1353.411084,-30.59777,6.243039,1.0,0.0,0.0,0.0,1358.629841,-37.963829,1021.0,5006.0,0.0,148.0,-0.227155,35.320539,127.153939,35.320332,0.120695,-1.2e-05,0.164728,-0.531345,-0.000531,0.068766,0.33275,0.0,0.0,0.0,0.0,0.0,-9999.0,-9999.0,-9999.0,-9999.0,-9999.0,-9999.0,-9999.0,-9999.0,-9999.0,-9999.0,-9999.0,-9999.0,-9999.0,-9999.0
P21_HV1_1_interaction,active_and_state_lat_and_long_zero_last_source_row_continuous_segment,P21,HV1,1,on_ramp,P21_HV1_1,P21_HV1.1.asc,HV1,60,initiator_active,3349,1,55816.67,55816.6676,1.0,1.0,23.823412,85.764283,150.0,55.758733,-1353.756916,0.214791,-1.372671,0.0,23.8285,0.086121,0.0,1353.807904,-30.612591,6.242024,1.0,0.0,0.0,0.0,1359.218496,-37.965147,1021.0,5006.0,0.0,148.0,-0.228867,35.323437,127.164373,35.323244,0.116616,-2.1e-05,0.179789,-0.520727,-0.000537,0.068295,0.33275,0.0,0.0,0.0,0.0,0.0,-9999.0,-9999.0,-9999.0,-9999.0,-9999.0,-9999.0,-9999.0,-9999.0,-9999.0,-9999.0,-9999.0,-9999.0,-9999.0,-9999.0
P21_HV1_1_interaction,active_and_state_lat_and_long_zero_last_source_row_continuous_segment,P21,HV1,1,on_ramp,P21_HV1_1,P21_HV1.1.asc,HV1,60,initiator_active,3350,1,55833.33,55833.3335,1.0,1.0,23.826579,85.775685,150.0,56.155705,-1354.153969,0.208577,-1.379597,0.0,23.83193,0.087308,0.0,1354.204771,-30.627794,6.241013,1.0,0.0,0.0,0.0,1359.807199,-37.96661,1021.0,5006.0,0.0,148.0,-0.230729,35.326417,127.175101,35.326237,0.112772,-3e-05,0.180687,-0.510112,-0.000513,0.067667,0.33275,0.0,0.0,0.0,0.0,0.0,-9999.0,-9999.0,-9999.0,-9999.0,-9999.0,-9999.0,-9999.0,-9999.0,-9999.0,-9999.0,-9999.0,-9999.0,-9999.0,-9999.0
P21_HV1_1_interaction,active_and_state_lat_and_long_zero_last_source_row_continuous_segment,P21,HV1,1,on_ramp,P21_HV1_1,P21_HV1.1.asc,HV1,60,initiator_active,3351,1,55850.0,55850.0009,1.0,1.0,23.830249,85.788897,150.0,56.552718,-1354.551079,0.211364,-1.382101,0.0,23.835344,0.088341,0.0,1354.601681,-30.64338,6.240006,1.0,0.0,0.0,0.0,1360.395952,-37.968216,1021.0,5006.0,0.0,148.0,-0.232739,35.329403,127.185852,35.329235,0.109172,-3.8e-05,0.180815,-0.498967,-0.000471,0.066882,0.33275,0.0,0.0,0.0,0.0,0.0,-9999.0,-9999.0,-9999.0,-9999.0,-9999.0,-9999.0,-9999.0,-9999.0,-9999.0,-9999.0,-9999.0,-9999.0,-9999.0,-9999.0
P21_HV1_1_interaction,active_and_state_lat_and_long_zero_last_source_row_continuous_segment,P21,HV1,1,on_ramp,P21_HV1_1,P21_HV1.1.asc,HV1,60,initiator_active,3352,1,55866.68,55866.6752,1.0,1.0,23.833627,85.801058,150.0,56.949767,-1354.948239,0.21395,-1.379929,0.0,23.838816,0.08922,0.0,1354.998632,-30.659351,6.239003,1.0,0.0,0.0,0.0,1360.984753,-37.969962,1021.0,5006.0,0.0,148.0,-0.234892,35.332392,127.196611,35.332234,0.105822,-4.6e-05,0.180827,-0.487415,-0.000404,0.065626,0.33275,0.0,0.0,0.0,0.0,0.0,-9999.0,-9999.0,-9999.0,-9999.0,-9999.0,-9999.0,-9999.0,-9999.0,-9999.0,-9999.0,-9999.0,-9999.0,-9999.0,-9999.0
P21_HV1_1_interaction,active_and_state_lat_and_long_zero_last_source_row_continuous_segment,P21,HV1,1,on_ramp,P21_HV1_1,P21_HV1.1.asc,HV1,60,initiator_active,3353,1,55883.34,55883.3352,1.0,1.0,23.837064,85.81343,150.0,57.346853,-1355.34545,0.214678,-1.380609,0.0,23.842277,0.089974,0.0,1355.395626,-30.675707,6.238006,1.0,0.0,0.0,0.0,1361.573604,-37.971844,1021.0,5006.0,0.0,148.0,-0.237186,35.335382,127.207375,35.335233,0.102727,-5.2e-05,0.180844,-0.474461,-0.000322,0.063428,0.33275,0.002198,0.0,0.0,0.0,0.0,-9999.0,-9999.0,-9999.0,-9999.0,-9999.0,-9999.0,-9999.0,-9999.0,-9999.0,-9999.0,-9999.0,-9999.0,-9999.0,-9999.0
P21_HV1_1_interaction,active_and_state_lat_and_long_zero_last_source_row_continuous_segment,P21,HV1,1,on_ramp,P21_HV1_1,P21_HV1.1.asc,HV1,60,initiator_active,3354,1,55900.0,55900.0005,1.0,1.0,23.840557,85.826006,150.0,57.743974,-1355.742712,0.162809,-1.380931,0.0,23.845759,0.09063,0.0,1355.792662,-30.692448,6.237013,1.0,0.0,0.0,0.0,1362.162504,-37.97386,1021.0,5006.0,0.0,148.0,-0.239617,35.338122,127.21724,35.337981,0.099888,-5.5e-05,0.1607,-0.460053,-0.000205,0.060288,0.33275,0.0,0.0,0.0,0.0,0.0,-9999.0,-9999.0,-9999.0,-9999.0,-9999.0,-9999.0,-9999.0,-9999.0,-9999.0,-9999.0,-9999.0,-9999.0,-9999.0,-9999.0
P21_HV1_1_interaction,active_and_state_lat_and_long_zero_last_source_row_continuous_segment,P21,HV1,1,on_ramp,P21_HV1_1,P21_HV1.1.asc,HV1,60,initiator_active,3355,1,55916.67,55916.6676,1.0,1.0,23.844024,85.838485,150.0,58.141132,-1356.140025,0.172243,-1.381125,0.0,23.848102,0.091152,0.0,1356.189735,-30.709574,6.236025,1.0,0.0,0.0,0.0,1362.75145,-37.976005,1021.0,5006.0,0.0,148.0,-0.24218,35.341014,127.22765,35.34088,0.097244,-5.9e-05,0.179491,-0.452856,-0.000156,0.060288,0.33275,0.0,0.0,0.0,0.0,0.0,-9999.0,-9999.0,-9999.0,-9999.0,-9999.0,-9999.0,-9999.0,-9999.0,-9999.0,-9999.0,-9999.0,-9999.0,-9999.0,-9999.0
P21_HV1_1_interaction,active_and_state_lat_and_long_zero_last_source_row_continuous_segment,P21,HV1,1,on_ramp,P21_HV1_1,P21_HV1.1.asc,HV1,60,initiator_active,3356,1,55933.35,55933.3485,1.0,1.0,23.847074,85.849467,150.0,58.538322,-1356.537385,0.21569,-1.378869,0.0,23.85119,0.091568,0.0,1356.586832,-30.727083,6.235044,1.0,0.0,0.0,0.0,1363.340443,-37.978277,1021.0,5006.0,0.0,148.0,-0.244872,35.344,127.238402,35.343873,0.094927,-6.1e-05,0.18071,-0.422906,-0.000129,0.049298,0.33275,0.0,0.0,0.0,0.0,0.0,-9999.0,-9999.0,-9999.0,-9999.0,-9999.0,-9999.0,-9999.0,-9999.0,-9999.0,-9999.0,-9999.0,-9999.0,-9999.0,-9999.0
P21_HV1_1_interaction,active_and_state_lat_and_long_zero_last_source_row_continuous_segment,P21,HV1,1,on_ramp,P21_HV1_1,P21_HV1.1.asc,HV1,60,initiator_active,3357,1,55951.02,55951.0234,1.0,1.0,23.849495,85.858183,150.0,58.935528,-1356.934776,0.218482,-1.376962,0.0,23.854701,0.091891,0.0,1356.983966,-30.744978,6.234067,1.0,0.0,0.0,0.0,1363.929486,-37.980672,1021.0,5006.0,0.0,148.0,-0.247688,35.346997,127.249188,35.346875,0.092831,-6.3e-05,0.18097,-0.402829,-9.4e-05,0.042704,0.33275,0.0,0.0,0.0,0.0,0.0,-9999.0,-9999.0,-9999.0,-9999.0,-9999.0,-9999.0,-9999.0,-9999.0,-9999.0,-9999.0,-9999.0,-9999.0,-9999.0,-9999.0
P21_HV1_1_interaction,active_and_state_lat_and_long_zero_last_source_row_continuous_segment,P21,HV1,1,on_ramp,P21_HV1_1,P21_HV1.1.asc,HV1,60,initiator_active,3358,1,55966.67,55966.6673,1.0,1.0,23.852946,85.870604,150.0,59.332766,-1357.332214,0.219752,-1.373519,0.0,23.858273,0.092133,0.0,1357.381142,-30.763256,6.233097,1.0,0.0,0.0,0.0,1364.518578,-37.983185,1021.0,5006.0,0.0,148.0,-0.250623,35.349996,127.259987,35.34988,0.09087,-6.4e-05,0.181072,-0.382714,-5.1e-05,0.035953,0.33275,0.0,0.0,0.0,0.0,0.0,-9999.0,-9999.0,-9999.0,-9999.0,-9999.0,-9999.0,-9999.0,-9999.0,-9999.0,-9999.0,-9999.0,-9999.0,-9999.0,-9999.0
P21_HV1_1_interaction,active_and_state_lat_and_long_zero_last_source_row_continuous_segment,P21,HV1,1,on_ramp,P21_HV1_1,P21_HV1.1.asc,HV1,60,initiator_active,3359,1,55983.33,55983.3335,1.0,1.0,23.85648,85.883328,150.0,59.73004,-1357.729701,0.21159,-1.369712,0.0,23.861813,0.092285,0.0,1357.778359,-30.781917,6.232132,1.0,0.0,0.0,0.0,1365.107719,-37.985811,1021.0,5006.0,0.0,148.0,-0.253672,35.352998,127.270794,35.352886,0.088961,-6.5e-05,0.181086,-0.364036,-2.4e-05,0.02983,0.33275,0.0,0.0,0.0,0.0,0.0,-9999.0,-9999.0,-9999.0,-9999.0,-9999.0,-9999.0,-9999.0,-9999.0,-9999.0,-9999.0,-9999.0,-9999.0,-9999.0,-9999.0
P21_HV1_1_interaction,active_and_state_lat_and_long_zero_last_source_row_continuous_segment,P21,HV1,1,on_ramp,P21_HV1_1,P21_HV1.1.asc,HV1,60,initiator_active,3360,1,56000.0,56000.0005,1.0,1.0,23.860063,85.896226,150.0,60.127349,-1358.12724,0.221466,-1.362884,0.0,23.865283,0.092382,0.0,1358.175617,-30.800961,6.231172,1.0,0.0,0.0,0.0,1365.69691,-37.988545,1021.0,5006.0,0.0,148.0,-0.25683,35.356001,127.281604,35.355894,0.087015,-6.5e-05,0.181061,-0.347264,-1.8e-05,0.024649,0.3325,0.0,0.0,0.0,0.0,0.0,-9999.0,-9999.0,-9999.0,-9999.0,-9999.0,-9999.0,-9999.0,-9999.0,-9999.0,-9999.0,-9999.0,-9999.0,-9999.0,-9999.0
P21_HV1_1_interaction,active_and_state_lat_and_long_zero_last_source_row_continuous_segment,P21,HV1,1,on_ramp,P21_HV1_1,P21_HV1.1.asc,HV1,60,initiator_active,3361,1,56016.67,56016.6675,1.0,1.0,23.863535,85.908724,150.0,60.524693,-1358.524827,0.217923,-1.359546,0.0,23.868884,0.092462,0.0,1358.572915,-30.820386,6.230219,1.0,0.0,0.0,0.0,1366.286151,-37.991384,1021.0,5006.0,0.0,148.0,-0.260092,35.359004,127.292416,35.358902,0.084948,-6.6e-05,0.181014,-0.333525,-3.3e-05,0.021038,0.33275,0.0,0.0,0.0,0.0,0.0,-9999.0,-9999.0,-9999.0,-9999.0,-9999.0,-9999.0,-9999.0,-9999.0,-9999.0,-9999.0,-9999.0,-9999.0,-9999.0,-9999.0
P21_HV1_1_interaction,active_and_state_lat_and_long_zero_last_source_row_continuous_segment,P21,HV1,1,on_ramp,P21_HV1_1,P21_HV1.1.asc,HV1,60,initiator_active,3362,1,56033.34,56033.3406,1.0,1.0,23.867087,85.921514,150.0,60.922071,-1358.922463,0.213897,-1.350586,0.0,23.872394,0.092454,0.0,1358.970254,-30.84019,6.229271,1.0,1.0,0.0,0.0,1366.875441,-37.994323,1021.0,5006.0,0.0,148.0,-0.263454,35.362008,127.303227,35.361911,0.082681,-6.7e-05,0.180949,-0.32299,-5.9e-05,0.019154,0.33275,0.0,0.0,0.0,0.0,0.0,-9999.0,-9999.0,-9999.0,-9999.0,-9999.0,-9999.0,-9999.0,-9999.0,-9999.0,-9999.0,-9999.0,-9999.0,-9999.0,-9999.0
P21_HV1_1_interaction,active_and_state_lat_and_long_zero_last_source_row_continuous_segment,P21,HV1,1,on_ramp,P21_HV1_1,P21_HV1.1.asc,HV1,60,initiator_active,3363,1,56050.0,56050.0009,1.0,1.0,23.870659,85.934374,150.0,61.319484,-1359.320149,0.209246,-1.344311,0.0,23.875763,0.092423,0.0,1359.367632,-30.860372,6.228331,1.0,1.0,0.0,0.0,1367.46478,-37.99736,1021.0,5006.0,0.0,148.0,-0.266911,35.36501,127.314037,35.364919,0.080167,-6.8e-05,0.180877,-0.314889,-8.6e-05,0.018683,0.33275,0.0,0.0,0.0,0.0,0.0,-9999.0,-9999.0,-9999.0,-9999.0,-9999.0,-9999.0,-9999.0,-9999.0,-9999.0,-9999.0,-9999.0,-9999.0,-9999.0,-9999.0
P21_HV1_1_interaction,active_and_state_lat_and_long_zero_last_source_row_continuous_segment,P21,HV1,1,on_ramp,P21_HV1_1,P21_HV1.1.asc,HV1,60,initiator_active,3364,1,56066.67,56066.6686,1.0,1.0,23.874135,85.946887,150.0,61.716931,-1359.717883,0.220172,-1.338053,0.0,23.879274,0.092341,0.0,1359.765047,-30.880929,6.227397,1.0,1.0,0.0,0.0,1368.05417,-38.000492,1021.0,5006.0,0.0,148.0,-0.270461,35.368013,127.324846,35.367928,0.077398,-7e-05,0.180815,-0.30721,-0.000101,0.018683,0.33275,0.0,0.0,0.0,0.0,0.0,-9999.0,-9999.0,-9999.0,-9999.0,-9999.0,-9999.0,-9999.0,-9999.0,-9999.0,-9999.0,-9999.0,-9999.0,-9999.0,-9999.0
P21_HV1_1_interaction,active_and_state_lat_and_long_zero_last_source_row_continuous_segment,P21,HV1,1,on_ramp,P21_HV1_1,P21_HV1.1.asc,HV1,60,initiator_active,3365,1,56083.33,56083.3342,1.0,1.0,23.877466,85.958876,150.0,62.114408,-1360.115662,0.224124,-1.330513,0.0,23.882837,0.092219,0.0,1360.162502,-30.901861,6.226469,1.0,1.0,0.0,0.0,1368.643608,-38.003715,1021.0,5006.0,0.0,148.0,-0.274101,35.371015,127.335652,35.370936,0.074397,-7.1e-05,0.180722,-0.299202,-9.5e-05,0.019782,0.33275,0.0,0.0,0.0,0.0,0.0,-9999.0,-9999.0,-9999.0,-9999.0,-9999.0,-9999.0,-9999.0,-9999.0,-9999.0,-9999.0,-9999.0,-9999.0,-9999.0,-9999.0
P21_HV1_1_interaction,active_and_state_lat_and_long_zero_last_source_row_continuous_segment,P21,HV1,1,on_ramp,P21_HV1_1,P21_HV1.1.asc,HV1,60,initiator_active,3366,1,56100.0,56100.0006,1.0,1.0,23.881068,85.971845,150.0,62.51192,-1360.51349,0.216229,-1.321717,0.0,23.88647,0.092058,0.0,1360.559996,-30.923164,6.225549,1.0,1.0,0.0,0.0,1369.233096,-38.007027,1021.0,5006.0,0.0,148.0,-0.277826,35.374015,127.346455,35.373944,0.071188,-7.3e-05,0.180618,-0.292481,-7.1e-05,0.020724,0.3325,0.0,0.0,0.0,0.0,0.0,-9999.0,-9999.0,-9999.0,-9999.0,-9999.0,-9999.0,-9999.0,-9999.0,-9999.0,-9999.0,-9999.0,-9999.0,-9999.0,-9999.0
P21_HV1_1_interaction,active_and_state_lat_and_long_zero_last_source_row_continuous_segment,P21,HV1,1,on_ramp,P21_HV1_1,P21_HV1.1.asc,HV1,60,initiator_active,3367,1,56116.67,56116.6676,1.0,1.0,23.884665,85.984795,150.0,62.909465,-1360.911366,0.214699,-1.313937,0.0,23.889985,0.091884,0.0,1360.957531,-30.944838,6.224636,1.0,1.0,0.0,0.0,1369.822634,-38.010426,1021.0,5006.0,0.0,148.0,-0.281635,35.377015,127.357254,35.37695,0.067792,-7.4e-05,0.180513,-0.286361,-2.8e-05,0.022137,0.3325,0.0,0.0,0.0,0.0,0.0,-9999.0,-9999.0,-9999.0,-9999.0,-9999.0,-9999.0,-9999.0,-9999.0,-9999.0,-9999.0,-9999.0,-9999.0,-9999.0,-9999.0
P21_HV1_1_interaction,active_and_state_lat_and_long_zero_last_source_row_continuous_segment,P21,HV1,1,on_ramp,P21_HV1_1,P21_HV1.1.asc,HV1,60,initiator_active,3368,1,56133.33,56133.3343,1.0,1.0,23.888233,85.997637,150.0,63.307045,-1361.309291,0.211845,-1.301123,0.0,23.893451,0.091661,0.0,1361.355104,-30.966879,6.22373,1.0,1.0,0.0,0.0,1370.412221,-38.01391,1021.0,5006.0,0.0,148.0,-0.285525,35.380014,127.36805,35.379956,0.064248,-7.3e-05,0.180413,-0.279603,2.8e-05,0.023393,0.33275,0.0,0.0,0.0,0.0,0.0,-9999.0,-9999.0,-9999.0,-9999.0,-9999.0,-9999.0,-9999.0,-9999.0,-9999.0,-9999.0,-9999.0,-9999.0,-9999.0,-9999.0
P21_HV1_1_interaction,active_and_state_lat_and_long_zero_last_source_row_continuous_segment,P21,HV1,1,on_ramp,P21_HV1_1,P21_HV1.1.asc,HV1,60,initiator_active,3369,1,56150.0,56150.001,1.0,1.0,23.891734,86.010244,150.0,63.704657,-1361.707262,0.206786,-1.291974,0.0,23.896925,0.091453,0.0,1361.752715,-30.989284,6.222832,1.0,1.0,0.0,0.0,1371.001858,-38.017475,1021.0,5006.0,0.0,148.0,-0.289492,35.383012,127.378842,35.38296,0.060621,-7.2e-05,0.180326,-0.270013,9.3e-05,0.023393,0.33275,0.0,0.0,0.0,0.0,0.0,-9999.0,-9999.0,-9999.0,-9999.0,-9999.0,-9999.0,-9999.0,-9999.0,-9999.0,-9999.0,-9999.0,-9999.0,-9999.0,-9999.0
P21_HV1_1_interaction,active_and_state_lat_and_long_zero_last_source_row_continuous_segment,P21,HV1,1,on_ramp,P21_HV1_1,P21_HV1.1.asc,HV1,60,initiator_active,3370,1,56166.67,56166.6676,1.0,1.0,23.895178,86.02264,150.0,64.102301,-1362.105279,0.208323,-1.279934,0.0,23.900248,0.091209,0.0,1362.150362,-31.012051,6.221944,1.0,1.0,0.0,0.0,1371.591544,-38.02112,1021.0,5006.0,0.0,148.0,-0.293533,35.385916,127.389297,35.38587,0.056911,-7e-05,0.16411,-0.265905,0.000211,0.026062,0.33275,0.0,0.0,0.0,0.0,0.0,-9999.0,-9999.0,-9999.0,-9999.0,-9999.0,-9999.0,-9999.0,-9999.0,-9999.0,-9999.0,-9999.0,-9999.0,-9999.0,-9999.0
P21_HV1_1_interaction,active_and_state_lat_and_long_zero_last_source_row_continuous_segment,P21,HV1,1,on_ramp,P21_HV1_1,P21_HV1.1.asc,HV1,60,initiator_active,3371,1,56183.33,56183.3347,1.0,1.0,23.89861,86.034995,150.0,64.499976,-1362.503342,0.219408,-1.267602,0.0,23.903694,0.090964,0.0,1362.548045,-31.035177,6.221064,1.0,1.0,0.0,0.0,1372.181278,-38.024842,1021.0,5006.0,0.0,148.0,-0.297645,35.388824,127.399767,35.388784,0.053182,-6.7e-05,0.178973,-0.258144,0.000215,0.027004,0.33275,0.0,0.0,0.0,0.0,0.0,-9999.0,-9999.0,-9999.0,-9999.0,-9999.0,-9999.0,-9999.0,-9999.0,-9999.0,-9999.0,-9999.0,-9999.0,-9999.0,-9999.0
P21_HV1_1_interaction,active_and_state_lat_and_long_zero_last_source_row_continuous_segment,P21,HV1,1,on_ramp,P21_HV1_1,P21_HV1.1.asc,HV1,60,initiator_active,3372,1,56200.0,56200.001,1.0,1.0,23.901946,86.047005,150.0,64.89768,-1362.901448,0.219476,-1.254546,0.0,23.907266,0.090692,0.0,1362.945764,-31.058657,6.220193,1.0,1.0,0.0,0.0,1372.77106,-38.028639,1021.0,5006.0,0.0,148.0,-0.301827,35.391812,127.410522,35.391777,0.049481,-6.3e-05,0.179797,-0.249799,0.000234,0.027632,0.33275,0.0,0.0,0.0,0.0,0.0,-9999.0,-9999.0,-9999.0,-9999.0,-9999.0,-9999.0,-9999.0,-9999.0,-9999.0,-9999.0,-9999.0,-9999.0,-9999.0,-9999.0
P21_HV1_1_interaction,active_and_state_lat_and_long_zero_last_source_row_continuous_segment,P21,HV1,1,on_ramp,P21_HV1_1,P21_HV1.1.asc,HV1,60,initiator_active,3373,1,56216.67,56216.6667,1.0,1.0,23.905485,86.059746,150.0,65.295416,-1363.299599,0.197711,-1.242433,0.0,23.910868,0.090436,0.0,1363.343523,-31.082489,6.219333,1.0,1.0,0.0,0.0,1373.360892,-38.032508,1021.0,5006.0,0.0,148.0,-0.306073,35.394804,127.421294,35.394774,0.045845,-5.9e-05,0.179882,-0.240302,0.000252,0.027632,0.3325,0.0,0.0,0.0,0.0,0.0,-9999.0,-9999.0,-9999.0,-9999.0,-9999.0,-9999.0,-9999.0,-9999.0,-9999.0,-9999.0,-9999.0,-9999.0,-9999.0,-9999.0
P21_HV1_1_interaction,active_and_state_lat_and_long_zero_last_source_row_continuous_segment,P21,HV1,1,on_ramp,P21_HV1_1,P21_HV1.1.asc,HV1,60,initiator_active,3374,1,56233.33,56233.3338,1.0,1.0,23.909058,86.072609,150.0,65.693185,-1363.697798,0.220276,-1.2263,0.0,23.914114,0.090121,0.0,1363.741319,-31.106668,6.218484,1.0,1.0,0.0,0.0,1373.950772,-38.036446,1021.0,5006.0,0.0,148.0,-0.310382,35.397797,127.432068,35.397771,0.0423,-5.4e-05,0.179854,-0.231025,0.000275,0.027161,0.33225,0.0,0.0,0.0,0.0,0.0,-9999.0,-9999.0,-9999.0,-9999.0,-9999.0,-9999.0,-9999.0,-9999.0,-9999.0,-9999.0,-9999.0,-9999.0,-9999.0,-9999.0
P21_HV1_1_interaction,active_and_state_lat_and_long_zero_last_source_row_continuous_segment,P21,HV1,1,on_ramp,P21_HV1_1,P21_HV1.1.asc,HV1,60,initiator_active,3375,1,56250.0,56250.0007,1.0,1.0,23.912479,86.084925,150.0,66.090986,-1364.096042,0.216203,-1.209687,0.0,23.917718,0.08978,0.0,1364.13915,-31.13119,6.217646,1.0,1.0,0.0,0.0,1374.540702,-38.04045,1021.0,5006.0,0.0,148.0,-0.31475,35.400789,127.442841,35.400768,0.038856,-5e-05,0.179792,-0.22202,0.000293,0.027161,0.33225,0.0,0.0,0.0,0.0,0.0,-9999.0,-9999.0,-9999.0,-9999.0,-9999.0,-9999.0,-9999.0,-9999.0,-9999.0,-9999.0,-9999.0,-9999.0,-9999.0,-9999.0
P21_HV1_1_interaction,active_and_state_lat_and_long_zero_last_source_row_continuous_segment,P21,HV1,1,on_ramp,P21_HV1_1,P21_HV1.1.asc,HV1,60,initiator_active,3376,1,56266.67,56266.6673,1.0,1.0,23.915914,86.097292,150.0,66.488817,-1364.494328,0.218675,-1.197029,0.0,23.921242,0.089405,0.0,1364.53702,-31.156052,6.216821,1.0,1.0,0.0,0.0,1375.130682,-38.044519,1021.0,5006.0,0.0,148.0,-0.319173,35.403779,127.453605,35.403761,0.035566,-4.5e-05,0.179498,-0.208487,0.000304,0.024335,0.33275,0.0,0.0,0.0,0.0,0.0,-9999.0,-9999.0,-9999.0,-9999.0,-9999.0,-9999.0,-9999.0,-9999.0,-9999.0,-9999.0,-9999.0,-9999.0,-9999.0,-9999.0
P21_HV1_1_interaction,active_and_state_lat_and_long_zero_last_source_row_continuous_segment,P21,HV1,1,on_ramp,P21_HV1_1,P21_HV1.1.asc,HV1,60,initiator_active,3377,1,56283.33,56283.3338,1.0,1.0,23.919485,86.110146,150.0,66.88668,-1364.892662,0.219057,-1.181116,0.0,23.924808,0.088973,0.0,1364.934928,-31.181248,6.216008,1.0,1.0,0.0,0.0,1375.720711,-38.048648,1021.0,5006.0,0.0,148.0,-0.323648,35.406765,127.464355,35.40675,0.032433,-4e-05,0.179291,-0.193244,0.000305,0.021038,0.33275,0.002198,0.0,0.0,0.0,0.0,-9999.0,-9999.0,-9999.0,-9999.0,-9999.0,-9999.0,-9999.0,-9999.0,-9999.0,-9999.0,-9999.0,-9999.0,-9999.0,-9999.0
P21_HV1_1_interaction,active_and_state_lat_and_long_zero_last_source_row_continuous_segment,P21,HV1,1,on_ramp,P21_HV1_1,P21_HV1.1.asc,HV1,60,initiator_active,3378,1,56300.01,56300.0057,1.0,1.0,23.923029,86.122906,150.0,67.284576,-1365.291041,0.206933,-1.162222,0.0,23.928378,0.088492,0.0,1365.332874,-31.206776,6.215208,1.0,1.0,0.0,0.0,1376.310789,-38.052834,1021.0,5006.0,0.0,148.0,-0.328171,35.4095,127.4742,35.409488,0.029469,-3.4e-05,0.159237,-0.178302,0.000321,0.017741,0.33275,0.0,0.0,0.0,0.0,0.0,-9999.0,-9999.0,-9999.0,-9999.0,-9999.0,-9999.0,-9999.0,-9999.0,-9999.0,-9999.0,-9999.0,-9999.0,-9999.0,-9999.0
P21_HV1_1_interaction,active_and_state_lat_and_long_zero_last_source_row_continuous_segment,P21,HV1,1,on_ramp,P21_HV1_1,P21_HV1.1.asc,HV1,60,initiator_active,3379,1,56316.67,56316.6668,1.0,1.0,23.9266,86.135759,150.0,67.682505,-1365.689467,0.21217,-1.145525,0.0,23.93171,0.087975,0.0,1365.730858,-31.23263,6.214423,1.0,1.0,0.0,0.0,1376.900913,-38.057073,1021.0,5006.0,0.0,148.0,-0.332739,35.412387,127.484592,35.412377,0.026594,-3e-05,0.178092,-0.170563,0.000262,0.017741,0.33275,0.0,0.0,0.0,0.0,0.0,-9999.0,-9999.0,-9999.0,-9999.0,-9999.0,-9999.0,-9999.0,-9999.0,-9999.0,-9999.0,-9999.0,-9999.0,-9999.0,-9999.0
P21_HV1_1_interaction,active_and_state_lat_and_long_zero_last_source_row_continuous_segment,P21,HV1,1,on_ramp,P21_HV1_1,P21_HV1.1.asc,HV1,60,initiator_active,3380,1,56333.33,56333.3341,1.0,1.0,23.930069,86.14825,150.0,68.080465,-1366.087938,0.220077,-1.129278,0.0,23.935224,0.087409,0.0,1366.128877,-31.258804,6.213651,1.0,1.0,0.0,0.0,1377.491085,-38.061363,1021.0,5006.0,0.0,148.0,-0.337345,35.415367,127.495322,35.415359,0.023922,-2.6e-05,0.179208,-0.144318,0.000176,0.008792,0.33275,0.0,0.0,0.0,0.0,0.0,-9999.0,-9999.0,-9999.0,-9999.0,-9999.0,-9999.0,-9999.0,-9999.0,-9999.0,-9999.0,-9999.0,-9999.0,-9999.0,-9999.0
P21_HV1_1_interaction,active_and_state_lat_and_long_zero_last_source_row_continuous_segment,P21,HV1,1,on_ramp,P21_HV1_1,P21_HV1.1.asc,HV1,60,initiator_active,3381,1,56350.0,56350.0001,1.0,1.0,23.933446,86.160406,150.0,68.478456,-1366.486451,0.211379,-1.109252,0.0,23.938717,0.086764,0.0,1366.526934,-31.285296,6.212895,1.0,1.0,0.0,0.0,1378.081305,-38.065699,1021.0,5006.0,0.0,148.0,-0.341987,35.418354,127.506075,35.418348,0.021334,-2.4e-05,0.179363,-0.126948,0.00011,0.003925,0.33275,0.0,0.0,0.0,0.0,0.0,-9999.0,-9999.0,-9999.0,-9999.0,-9999.0,-9999.0,-9999.0,-9999.0,-9999.0,-9999.0,-9999.0,-9999.0,-9999.0,-9999.0
P21_HV1_1_interaction,active_and_state_lat_and_long_zero_last_source_row_continuous_segment,P21,HV1,1,on_ramp,P21_HV1_1,P21_HV1.1.asc,HV1,60,initiator_active,3382,1,56366.67,56366.6668,1.0,1.0,23.937027,86.173297,150.0,68.876479,-1366.88501,0.219006,-1.090457,0.0,23.942259,0.086102,0.0,1366.925028,-31.312098,6.212154,1.0,0.0,0.0,0.0,1378.671576,-38.070076,1021.0,5006.0,0.0,148.0,-0.34666,35.421342,127.516833,35.421337,0.018786,-2.3e-05,0.179357,-0.109608,6.3e-05,-0.000942,0.33275,0.0,0.0,0.0,0.0,0.0,-9999.0,-9999.0,-9999.0,-9999.0,-9999.0,-9999.0,-9999.0,-9999.0,-9999.0,-9999.0,-9999.0,-9999.0,-9999.0,-9999.0
P21_HV1_1_interaction,active_and_state_lat_and_long_zero_last_source_row_continuous_segment,P21,HV1,1,on_ramp,P21_HV1_1,P21_HV1.1.asc,HV1,60,initiator_active,3383,1,56383.33,56383.3343,1.0,1.0,23.940448,86.185611,150.0,69.274534,-1367.283614,0.213951,-1.066173,0.0,23.945761,0.085401,0.0,1367.323161,-31.339207,6.211428,1.0,0.0,0.0,0.0,1379.261895,-38.07449,1021.0,5006.0,0.0,148.0,-0.351357,35.424328,127.527581,35.424324,0.016231,-2.2e-05,0.179063,-0.092545,2.1e-05,-0.005652,0.33275,0.0,0.0,0.0,0.0,0.0,-9999.0,-9999.0,-9999.0,-9999.0,-9999.0,-9999.0,-9999.0,-9999.0,-9999.0,-9999.0,-9999.0,-9999.0,-9999.0,-9999.0
P21_HV1_1_interaction,active_and_state_lat_and_long_zero_last_source_row_continuous_segment,P21,HV1,1,on_ramp,P21_HV1_1,P21_HV1.1.asc,HV1,60,initiator_active,3384,1,56400.0,56400.001,1.0,1.0,23.944055,86.198597,150.0,69.672623,-1367.682263,0.223248,-1.040626,0.0,23.949334,0.084698,0.0,1367.721332,-31.366615,6.21072,1.0,0.0,0.0,0.0,1379.852265,-38.078938,1021.0,5006.0,0.0,148.0,-0.356075,35.427307,127.538307,35.427305,0.013624,-2.2e-05,0.178599,-0.075972,-2.1e-05,-0.010048,0.33275,0.0,0.0,0.0,0.0,0.0,-9999.0,-9999.0,-9999.0,-9999.0,-9999.0,-9999.0,-9999.0,-9999.0,-9999.0,-9999.0,-9999.0,-9999.0,-9999.0,-9999.0
P21_HV1_1_interaction,active_and_state_lat_and_long_zero_last_source_row_continuous_segment,P21,HV1,1,on_ramp,P21_HV1_1,P21_HV1.1.asc,HV1,60,initiator_active,3385,1,56416.67,56416.6672,1.0,1.0,23.947515,86.211054,150.0,70.070743,-1368.080957,0.223015,-1.020809,0.0,23.952999,0.083986,0.0,1368.119542,-31.394317,6.210029,1.0,0.0,0.0,0.0,1380.442683,-38.083414,1021.0,5006.0,0.0,148.0,-0.36081,35.430281,127.549013,35.43028,0.010904,-2.3e-05,0.178508,-0.062737,-7e-05,-0.012717,0.33275,0.0,0.0,0.0,0.0,0.0,-9999.0,-9999.0,-9999.0,-9999.0,-9999.0,-9999.0,-9999.0,-9999.0,-9999.0,-9999.0,-9999.0,-9999.0,-9999.0,-9999.0
P21_HV1_1_interaction,active_and_state_lat_and_long_zero_last_source_row_continuous_segment,P21,HV1,1,on_ramp,P21_HV1_1,P21_HV1.1.asc,HV1,60,initiator_active,3386,1,56433.33,56433.334,1.0,1.0,23.951166,86.224199,150.0,70.468899,-1368.479699,0.218692,-0.99002,0.0,23.956661,0.083209,0.0,1368.517794,-31.422304,6.209356,1.0,0.0,0.0,0.0,1381.033151,-38.087916,1021.0,5006.0,0.0,148.0,-0.365556,35.43326,127.559735,35.433259,0.00801,-2.5e-05,0.178836,-0.051774,-0.000117,-0.01413,0.33275,0.0,0.0,0.0,0.0,0.0,-9999.0,-9999.0,-9999.0,-9999.0,-9999.0,-9999.0,-9999.0,-9999.0,-9999.0,-9999.0,-9999.0,-9999.0,-9999.0,-9999.0
P21_HV1_1_interaction,active_and_state_lat_and_long_zero_last_source_row_continuous_segment,P21,HV1,1,on_ramp,P21_HV1_1,P21_HV1.1.asc,HV1,60,initiator_active,3387,1,56450.0,56450.0009,1.0,1.0,23.954831,86.237392,150.0,70.86709,-1368.878488,0.222215,-0.963798,0.0,23.960264,0.082447,0.0,1368.916087,-31.450571,6.208703,1.0,0.0,0.0,0.0,1381.623669,-38.092439,1021.0,5006.0,0.0,148.0,-0.370309,35.436241,127.570468,35.436241,0.00491,-2.7e-05,0.178913,-0.043327,-0.000158,-0.01413,0.33275,0.0,0.0,0.0,0.0,0.0,-9999.0,-9999.0,-9999.0,-9999.0,-9999.0,-9999.0,-9999.0,-9999.0,-9999.0,-9999.0,-9999.0,-9999.0,-9999.0,-9999.0
P21_HV1_1_interaction,active_and_state_lat_and_long_zero_last_source_row_continuous_segment,P21,HV1,1,on_ramp,P21_HV1_1,P21_HV1.1.asc,HV1,60,initiator_active,3388,1,56466.67,56466.6736,1.0,1.0,23.958458,86.250448,150.0,71.265318,-1369.277325,0.223993,-0.933378,0.0,23.963889,0.081661,0.0,1369.314421,-31.47911,6.208071,1.0,0.0,0.0,0.0,1382.214236,-38.09698,1021.0,5006.0,0.0,148.0,-0.375067,35.439223,127.581202,35.439223,0.001597,-3e-05,0.178897,-0.035952,-0.000183,-0.012403,0.33275,0.0,0.0,0.0,0.0,0.0,-9999.0,-9999.0,-9999.0,-9999.0,-9999.0,-9999.0,-9999.0,-9999.0,-9999.0,-9999.0,-9999.0,-9999.0,-9999.0,-9999.0
P21_HV1_1_interaction,active_and_state_lat_and_long_zero_last_source_row_continuous_segment,P21,HV1,1,on_ramp,P21_HV1_1,P21_HV1.1.asc,HV1,60,initiator_active,3389,1,56483.33,56483.334,1.0,1.0,23.962091,86.263526,150.0,71.663581,-1369.676209,0.223334,-0.898745,0.0,23.967586,0.0809,0.0,1369.712797,-31.507911,6.207461,1.0,0.0,0.0,0.0,1382.804852,-38.101537,1021.0,5006.0,0.0,148.0,-0.379825,35.442204,127.591933,35.442204,-0.001914,-3.3e-05,0.178818,-0.029908,-0.00019,-0.010833,0.33275,0.0,0.0,0.0,0.0,0.0,-9999.0,-9999.0,-9999.0,-9999.0,-9999.0,-9999.0,-9999.0,-9999.0,-9999.0,-9999.0,-9999.0,-9999.0,-9999.0,-9999.0
P21_HV1_1_interaction,active_and_state_lat_and_long_zero_last_source_row_continuous_segment,P21,HV1,1,on_ramp,P21_HV1_1,P21_HV1.1.asc,HV1,60,initiator_active,3390,1,56500.0,56500.0008,1.0,1.0,23.965732,86.276636,150.0,72.061881,-1370.075142,0.218705,-0.86528,0.0,23.971259,0.080067,0.0,1370.111216,-31.536965,6.206875,1.0,0.0,0.0,0.0,1383.395518,-38.106108,1021.0,5006.0,0.0,148.0,-0.384581,35.445183,127.602659,35.445183,-0.005597,-3.6e-05,0.178724,-0.024823,-0.000175,-0.008635,0.33275,0.0,0.0,0.0,0.0,0.0,-9999.0,-9999.0,-9999.0,-9999.0,-9999.0,-9999.0,-9999.0,-9999.0,-9999.0,-9999.0,-9999.0,-9999.0,-9999.0,-9999.0
P21_HV1_1_interaction,active_and_state_lat_and_long_zero_last_source_row_continuous_segment,P21,HV1,1,on_ramp,P21_HV1_1,P21_HV1.1.asc,HV1,60,initiator_active,3391,1,56516.67,56516.6672,1.0,1.0,23.969424,86.289928,150.0,72.460219,-1370.474124,0.222364,-0.833361,0.0,23.974871,0.07922,0.0,1370.509678,-31.566264,6.206315,1.0,0.0,0.0,0.0,1383.986234,-38.110689,1021.0,5006.0,0.0,148.0,-0.389332,35.448161,127.613379,35.44816,-0.009398,-3.9e-05,0.178632,-0.017849,-0.000138,-0.007222,0.33275,0.0,0.0,0.0,0.0,0.0,-9999.0,-9999.0,-9999.0,-9999.0,-9999.0,-9999.0,-9999.0,-9999.0,-9999.0,-9999.0,-9999.0,-9999.0,-9999.0,-9999.0
P21_HV1_1_interaction,active_and_state_lat_and_long_zero_last_source_row_continuous_segment,P21,HV1,1,on_ramp,P21_HV1_1,P21_HV1.1.asc,HV1,60,initiator_active,3392,1,56533.33,56533.3343,1.0,1.0,23.97306,86.303015,150.0,72.858595,-1370.873155,0.227524,-0.799209,0.0,23.978642,0.07829,0.0,1370.908183,-31.595797,6.205781,1.0,0.0,0.0,0.0,1384.577,-38.115279,1021.0,5006.0,0.0,148.0,-0.394076,35.451137,127.624093,35.451135,-0.013244,-4.1e-05,0.178547,-0.008779,-8.4e-05,-0.006751,0.3325,0.0,0.0,0.0,0.0,0.0,-9999.0,-9999.0,-9999.0,-9999.0,-9999.0,-9999.0,-9999.0,-9999.0,-9999.0,-9999.0,-9999.0,-9999.0,-9999.0,-9999.0
P21_HV1_1_interaction,active_and_state_lat_and_long_zero_last_source_row_continuous_segment,P21,HV1,1,on_ramp,P21_HV1_1,P21_HV1.1.asc,HV1,60,initiator_active,3393,1,56550.0,56550.0009,1.0,1.0,23.976704,86.316133,150.0,73.25701,-1371.272235,0.215171,-0.759397,0.0,23.98231,0.077223,0.0,1371.306735,-31.625556,6.205275,1.0,0.0,0.0,0.0,1385.167814,-38.119875,1021.0,5006.0,0.0,148.0,-0.398808,35.454112,127.634803,35.454108,-0.017081,-4.1e-05,0.178471,0.000611,-2.2e-05,-0.006437,0.33275,0.0,0.0,0.0,0.0,0.0,-9999.0,-9999.0,-9999.0,-9999.0,-9999.0,-9999.0,-9999.0,-9999.0,-9999.0,-9999.0,-9999.0,-9999.0,-9999.0,-9999.0
P21_HV1_1_interaction,active_and_state_lat_and_long_zero_last_source_row_continuous_segment,P21,HV1,1,on_ramp,P21_HV1_1,P21_HV1.1.asc,HV1,60,initiator_active,3394,1,56566.68,56566.6791,1.0,1.0,23.980519,86.329867,150.0,73.655466,-1371.671367,0.210395,-0.726752,0.0,23.985895,0.076105,0.0,1371.705332,-31.65553,6.204799,1.0,0.0,0.0,0.0,1385.758679,-38.124475,1021.0,5006.0,0.0,148.0,-0.403526,35.457086,127.645508,35.45708,-0.020883,-4.1e-05,0.178396,0.010546,4e-05,-0.006437,0.33275,0.0,0.0,0.0,0.0,0.0,-9999.0,-9999.0,-9999.0,-9999.0,-9999.0,-9999.0,-9999.0,-9999.0,-9999.0,-9999.0,-9999.0,-9999.0,-9999.0,-9999.0
P21_HV1_1_interaction,active_and_state_lat_and_long_zero_last_source_row_continuous_segment,P21,HV1,1,on_ramp,P21_HV1_1,P21_HV1.1.asc,HV1,60,initiator_active,3395,1,56583.33,56583.3343,1.0,1.0,23.984086,86.342708,150.0,74.053961,-1372.070548,0.222096,-0.68864,0.0,23.989404,0.074851,0.0,1372.103972,-31.685709,6.204353,1.0,0.0,0.0,0.0,1386.349593,-38.129075,1021.0,5006.0,0.0,148.0,-0.408226,35.460058,127.656208,35.460049,-0.024625,-4e-05,0.1783,0.020323,9.2e-05,-0.007065,0.33275,0.0,0.0,0.0,0.0,0.0,-9999.0,-9999.0,-9999.0,-9999.0,-9999.0,-9999.0,-9999.0,-9999.0,-9999.0,-9999.0,-9999.0,-9999.0,-9999.0,-9999.0
P21_HV1_1_interaction,active_and_state_lat_and_long_zero_last_source_row_continuous_segment,P21,HV1,1,on_ramp,P21_HV1_1,P21_HV1.1.asc,HV1,60,initiator_active,3396,1,56600.0,56600.0007,1.0,1.0,23.987632,86.355474,150.0,74.452496,-1372.469779,0.219813,-0.650573,0.0,23.99309,0.073475,0.0,1372.502657,-31.716082,6.203939,1.0,0.0,0.0,0.0,1386.940557,-38.133671,1021.0,5006.0,0.0,148.0,-0.412905,35.463028,127.666901,35.463017,-0.028295,-3.8e-05,0.178203,0.029898,0.00013,-0.007065,0.33275,0.0,0.0,0.0,0.0,0.0,-9999.0,-9999.0,-9999.0,-9999.0,-9999.0,-9999.0,-9999.0,-9999.0,-9999.0,-9999.0,-9999.0,-9999.0,-9999.0,-9999.0
P21_HV1_1_interaction,active_and_state_lat_and_long_zero_last_source_row_continuous_segment,P21,HV1,1,on_ramp,P21_HV1_1,P21_HV1.1.asc,HV1,60,initiator_active,3397,1,56616.67,56616.6676,1.0,1.0,23.99124,86.368464,150.0,74.851071,-1372.869059,0.225909,-0.607859,0.0,23.996768,0.071985,0.0,1372.90139,-31.746639,6.203558,1.0,0.0,0.0,0.0,1387.53157,-38.138263,1021.0,5006.0,0.0,148.0,-0.417559,35.465997,127.677587,35.465982,-0.031857,-3.6e-05,0.178108,0.042071,0.000154,-0.008792,0.33275,0.0,0.0,0.0,0.0,0.0,-9999.0,-9999.0,-9999.0,-9999.0,-9999.0,-9999.0,-9999.0,-9999.0,-9999.0,-9999.0,-9999.0,-9999.0,-9999.0,-9999.0
P21_HV1_1_interaction,active_and_state_lat_and_long_zero_last_source_row_continuous_segment,P21,HV1,1,on_ramp,P21_HV1_1,P21_HV1.1.asc,HV1,60,initiator_active,3398,1,56633.33,56633.3342,1.0,1.0,23.994908,86.381669,150.0,75.249688,-1373.268391,0.216448,-0.565187,0.0,24.000459,0.070368,0.0,1373.300171,-31.777368,6.20321,1.0,0.0,0.0,0.0,1388.122632,-38.142845,1021.0,5006.0,0.0,148.0,-0.422184,35.468963,127.688268,35.468946,-0.035306,-3.3e-05,0.178016,0.053758,0.000164,-0.010048,0.33275,0.002198,0.0,0.0,0.0,0.0,-9999.0,-9999.0,-9999.0,-9999.0,-9999.0,-9999.0,-9999.0,-9999.0,-9999.0,-9999.0,-9999.0,-9999.0,-9999.0,-9999.0
P21_HV1_1_interaction,active_and_state_lat_and_long_zero_last_source_row_continuous_segment,P21,HV1,1,on_ramp,P21_HV1_1,P21_HV1.1.asc,HV1,60,initiator_active,3399,1,56650.0,56650.0012,1.0,1.0,23.998638,86.395098,150.0,75.648349,-1373.667776,0.216095,-0.521723,0.0,24.004041,0.068647,0.0,1373.699,-31.808257,6.202896,1.0,0.0,0.0,0.0,1388.713744,-38.147416,1021.0,5006.0,0.0,148.0,-0.426777,35.471677,127.698036,35.471656,-0.038641,-2.9e-05,0.157749,0.065175,0.000194,-0.011304,0.33275,0.002198,0.0,0.0,0.0,0.0,-9999.0,-9999.0,-9999.0,-9999.0,-9999.0,-9999.0,-9999.0,-9999.0,-9999.0,-9999.0,-9999.0,-9999.0,-9999.0,-9999.0
P21_HV1_1_interaction,active_and_state_lat_and_long_zero_last_source_row_continuous_segment,P21,HV1,1,on_ramp,P21_HV1_1,P21_HV1.1.asc,HV1,60,initiator_active,3400,1,56666.67,56666.6674,1.0,1.0,24.002252,86.408107,150.0,76.047054,-1374.067214,0.180989,-0.484763,0.0,24.00716,0.066784,0.0,1374.097878,-31.839296,6.202618,1.0,0.0,0.0,0.0,1389.304902,-38.151971,1021.0,5006.0,0.0,148.0,-0.431335,35.474286,127.707431,35.474262,-0.041884,-2.6e-05,0.156267,0.073722,0.000192,-0.011304,0.33275,0.002198,0.0,0.0,0.0,0.0,-9999.0,-9999.0,-9999.0,-9999.0,-9999.0,-9999.0,-9999.0,-9999.0,-9999.0,-9999.0,-9999.0,-9999.0,-9999.0,-9999.0
P21_HV1_1_interaction,active_and_state_lat_and_long_zero_last_source_row_continuous_segment,P21,HV1,1,on_ramp,P21_HV1_1,P21_HV1.1.asc,HV1,60,initiator_active,3401,1,56683.33,56683.3334,1.0,1.0,24.005832,86.420997,150.0,76.445803,-1374.466703,0.235838,-0.439265,0.0,24.010673,0.064763,0.0,1374.496795,-31.87047,6.202375,1.0,0.0,0.0,0.0,1389.896103,-38.156509,1021.0,5006.0,0.0,148.0,-0.435853,35.476975,127.717111,35.476947,-0.045021,-2.4e-05,0.17173,0.085647,7.1e-05,-0.013031,0.33275,0.0,0.0,0.0,0.0,0.0,-9999.0,-9999.0,-9999.0,-9999.0,-9999.0,-9999.0,-9999.0,-9999.0,-9999.0,-9999.0,-9999.0,-9999.0,-9999.0,-9999.0
P21_HV1_1_interaction,active_and_state_lat_and_long_zero_last_source_row_continuous_segment,P21,HV1,1,on_ramp,P21_HV1_1,P21_HV1.1.asc,HV1,60,initiator_active,3402,1,56700.0,56700.0001,1.0,1.0,24.00866,86.431175,150.0,76.844586,-1374.866235,0.223003,-0.391971,0.0,24.014425,0.062616,0.0,1374.895764,-31.90177,6.202169,1.0,1.0,0.0,0.0,1390.48735,-38.161025,1021.0,5006.0,0.0,148.0,-0.440328,35.479903,127.727649,35.47987,-0.048081,-2.3e-05,0.176647,0.093714,-3e-06,-0.012874,0.33275,0.0,0.0,0.0,0.0,0.0,-9999.0,-9999.0,-9999.0,-9999.0,-9999.0,-9999.0,-9999.0,-9999.0,-9999.0,-9999.0,-9999.0,-9999.0,-9999.0,-9999.0
P21_HV1_1_interaction,active_and_state_lat_and_long_zero_last_source_row_continuous_segment,P21,HV1,1,on_ramp,P21_HV1_1,P21_HV1.1.asc,HV1,60,initiator_active,3403,1,56716.67,56716.6674,1.0,1.0,24.012631,86.445473,150.0,77.243417,-1375.265823,0.22509,-0.338495,0.0,24.018162,0.060417,0.0,1375.294787,-31.933182,6.201999,1.0,1.0,0.0,0.0,1391.078646,-38.165518,1021.0,5006.0,0.0,148.0,-0.444757,35.48285,127.738261,35.482814,-0.051073,-2.4e-05,0.177201,0.101912,-7.3e-05,-0.013188,0.33275,0.002198,0.0,0.0,0.0,0.0,-9999.0,-9999.0,-9999.0,-9999.0,-9999.0,-9999.0,-9999.0,-9999.0,-9999.0,-9999.0,-9999.0,-9999.0,-9999.0,-9999.0
P21_HV1_1_interaction,active_and_state_lat_and_long_zero_last_source_row_continuous_segment,P21,HV1,1,on_ramp,P21_HV1_1,P21_HV1.1.asc,HV1,60,initiator_active,3404,1,56733.33,56733.3334,1.0,1.0,24.016278,86.458601,150.0,77.642297,-1375.665467,0.226936,-0.28487,0.0,24.021934,0.058143,0.0,1375.693864,-31.964692,6.201867,1.0,1.0,0.0,0.0,1391.66999,-38.169984,1021.0,5006.0,0.0,148.0,-0.449138,35.485552,127.747986,35.485511,-0.053988,-2.5e-05,0.157203,0.109585,-4.2e-05,-0.013188,0.33275,0.002198,0.0,0.0,0.0,0.0,-9999.0,-9999.0,-9999.0,-9999.0,-9999.0,-9999.0,-9999.0,-9999.0,-9999.0,-9999.0,-9999.0,-9999.0,-9999.0,-9999.0
P21_HV1_1_interaction,active_and_state_lat_and_long_zero_last_source_row_continuous_segment,P21,HV1,1,on_ramp,P21_HV1_1,P21_HV1.1.asc,HV1,60,initiator_active,3405,1,56750.0,56750.0007,1.0,1.0,24.020034,86.472123,150.0,78.041227,-1376.065169,0.227571,-0.233884,0.0,24.025689,0.055817,0.0,1376.092997,-31.996286,6.201774,1.0,1.0,0.0,0.0,1392.26138,-38.174422,1021.0,5006.0,0.0,148.0,-0.453466,35.488152,127.757346,35.488106,-0.056779,-2.5e-05,0.155801,0.122289,1.6e-05,-0.0157,0.33275,0.0,0.0,0.0,0.0,0.0,-9999.0,-9999.0,-9999.0,-9999.0,-9999.0,-9999.0,-9999.0,-9999.0,-9999.0,-9999.0,-9999.0,-9999.0,-9999.0,-9999.0
P21_HV1_1_interaction,active_and_state_lat_and_long_zero_last_source_row_continuous_segment,P21,HV1,1,on_ramp,P21_HV1_1,P21_HV1.1.asc,HV1,60,initiator_active,3406,1,56766.67,56766.6675,1.0,1.0,24.023822,86.48576,150.0,78.440209,-1376.464929,0.227693,-0.189086,0.0,24.029468,0.053398,0.0,1376.492188,-32.02795,6.20172,1.0,1.0,0.0,0.0,1392.852814,-38.178829,1021.0,5006.0,0.0,148.0,-0.457739,35.490992,127.767571,35.490942,-0.059449,-2.5e-05,0.17561,0.133088,-6e-06,-0.017427,0.33275,0.0,0.0,0.0,0.0,0.0,-9999.0,-9999.0,-9999.0,-9999.0,-9999.0,-9999.0,-9999.0,-9999.0,-9999.0,-9999.0,-9999.0,-9999.0,-9999.0,-9999.0
P21_HV1_1_interaction,active_and_state_lat_and_long_zero_last_source_row_continuous_segment,P21,HV1,1,on_ramp,P21_HV1_1,P21_HV1.1.asc,HV1,60,initiator_active,3407,1,56783.33,56783.3342,1.0,1.0,24.027584,86.499301,150.0,78.839244,-1376.864748,0.167273,-0.131333,0.0,24.033247,0.050778,0.0,1376.891438,-32.05967,6.201706,1.0,1.0,0.0,0.0,1393.444295,-38.183202,1021.0,5006.0,0.0,148.0,-0.461954,35.49393,127.778148,35.493876,-0.062009,-2.6e-05,0.176823,0.144935,-3.7e-05,-0.019782,0.33275,0.0,0.0,0.0,0.0,0.0,-9999.0,-9999.0,-9999.0,-9999.0,-9999.0,-9999.0,-9999.0,-9999.0,-9999.0,-9999.0,-9999.0,-9999.0,-9999.0,-9999.0
P21_HV1_1_interaction,active_and_state_lat_and_long_zero_last_source_row_continuous_segment,P21,HV1,1,on_ramp,P21_HV1_1,P21_HV1.1.asc,HV1,60,initiator_active,3408,1,56800.0,56800.0007,1.0,1.0,24.031365,86.512913,150.0,79.238334,-1377.264628,0.178,-0.078557,0.0,24.0357,0.048163,0.0,1377.290743,-32.091431,6.201733,1.0,1.0,0.0,0.0,1394.035825,-38.187537,1021.0,5006.0,0.0,148.0,-0.466106,35.496875,127.788749,35.496816,-0.06446,-2.6e-05,0.177006,0.157876,-2e-05,-0.022765,0.33275,0.0,0.0,0.0,0.0,0.0,-9999.0,-9999.0,-9999.0,-9999.0,-9999.0,-9999.0,-9999.0,-9999.0,-9999.0,-9999.0,-9999.0,-9999.0,-9999.0,-9999.0
P21_HV1_1_interaction,active_and_state_lat_and_long_zero_last_source_row_continuous_segment,P21,HV1,1,on_ramp,P21_HV1_1,P21_HV1.1.asc,HV1,60,initiator_active,3409,1,56816.67,56816.6668,1.0,1.0,24.034641,86.524709,150.0,79.637474,-1377.664564,0.224897,-0.019241,0.0,24.039023,0.045487,0.0,1377.690088,-32.123217,6.201802,1.0,1.0,0.0,0.0,1394.627405,-38.191833,1021.0,5006.0,0.0,148.0,-0.470193,35.49982,127.799352,35.499757,-0.0668,-2.6e-05,0.177015,0.173578,2.9e-05,-0.027161,0.33275,0.0,0.0,0.0,0.0,0.0,-9999.0,-9999.0,-9999.0,-9999.0,-9999.0,-9999.0,-9999.0,-9999.0,-9999.0,-9999.0,-9999.0,-9999.0,-9999.0,-9999.0
P21_HV1_1_interaction,active_and_state_lat_and_long_zero_last_source_row_continuous_segment,P21,HV1,1,on_ramp,P21_HV1_1,P21_HV1.1.asc,HV1,60,initiator_active,3410,1,56833.33,56833.3334,1.0,1.0,24.037185,86.533866,150.0,80.036651,-1378.064541,0.221386,0.041533,0.0,24.042719,0.042702,0.0,1378.089491,-32.155012,6.201913,1.0,1.0,0.0,0.0,1395.219034,-38.196084,1021.0,5006.0,0.0,148.0,-0.47421,35.502764,127.809951,35.502697,-0.069067,-2.5e-05,0.176961,0.185525,6.7e-05,-0.02983,0.33275,0.0,0.0,0.0,0.0,0.0,-9999.0,-9999.0,-9999.0,-9999.0,-9999.0,-9999.0,-9999.0,-9999.0,-9999.0,-9999.0,-9999.0,-9999.0,-9999.0,-9999.0
P21_HV1_1_interaction,active_and_state_lat_and_long_zero_last_source_row_continuous_segment,P21,HV1,1,on_ramp,P21_HV1_1,P21_HV1.1.asc,HV1,60,initiator_active,3411,1,56850.01,56850.0069,1.0,1.0,24.040899,86.547237,150.0,80.435881,-1378.464577,0.225719,0.094889,0.0,24.04645,0.039871,0.0,1378.488956,-32.186801,6.202067,1.0,1.0,0.0,0.0,1395.810712,-38.200289,1021.0,5006.0,0.0,148.0,-0.478154,35.505706,127.820542,35.505634,-0.071322,-2.4e-05,0.176857,0.197713,9.3e-05,-0.032656,0.33275,0.0,0.0,0.0,0.0,0.0,-9999.0,-9999.0,-9999.0,-9999.0,-9999.0,-9999.0,-9999.0,-9999.0,-9999.0,-9999.0,-9999.0,-9999.0,-9999.0,-9999.0
P21_HV1_1_interaction,active_and_state_lat_and_long_zero_last_source_row_continuous_segment,P21,HV1,1,on_ramp,P21_HV1_1,P21_HV1.1.asc,HV1,60,initiator_active,3412,1,56866.67,56866.6668,1.0,1.0,24.044567,86.560442,150.0,80.835169,-1378.864675,0.221605,0.156499,0.0,24.050181,0.036974,0.0,1378.888485,-32.218568,6.202266,1.0,1.0,0.0,0.0,1396.40244,-38.204444,1021.0,5006.0,0.0,148.0,-0.48202,35.508646,127.831124,35.508569,-0.073598,-2.3e-05,0.176735,0.207644,9.2e-05,-0.034383,0.3325,0.0,0.0,0.0,0.0,0.0,-9999.0,-9999.0,-9999.0,-9999.0,-9999.0,-9999.0,-9999.0,-9999.0,-9999.0,-9999.0,-9999.0,-9999.0,-9999.0,-9999.0
P21_HV1_1_interaction,active_and_state_lat_and_long_zero_last_source_row_continuous_segment,P21,HV1,1,on_ramp,P21_HV1_1,P21_HV1.1.asc,HV1,60,initiator_active,3413,1,56883.34,56883.3381,1.0,1.0,24.048335,86.574006,150.0,81.234518,-1379.264837,0.22369,0.222801,0.0,24.0539,0.033933,0.0,1379.288079,-32.250295,6.20251,1.0,1.0,0.0,0.0,1396.994217,-38.208545,1021.0,5006.0,0.0,148.0,-0.485806,35.511583,127.841697,35.511501,-0.075946,-2.1e-05,0.176635,0.214051,7e-05,-0.034383,0.3325,0.0,0.0,0.0,0.0,0.0,-9999.0,-9999.0,-9999.0,-9999.0,-9999.0,-9999.0,-9999.0,-9999.0,-9999.0,-9999.0,-9999.0,-9999.0,-9999.0,-9999.0
P21_HV1_1_interaction,active_and_state_lat_and_long_zero_last_source_row_continuous_segment,P21,HV1,1,on_ramp,P21_HV1_1,P21_HV1.1.asc,HV1,60,initiator_active,3414,1,56900.0,56900.0005,1.0,1.0,24.052032,86.587316,149.0,81.633927,-1379.665064,0.219051,0.279275,0.0,24.057635,0.030871,0.0,1379.687741,-32.281967,6.2028,1.0,1.0,0.0,0.0,1397.586044,-38.212591,1021.0,5006.0,0.0,148.0,-0.489508,35.514427,127.851938,35.514341,-0.078372,-2e-05,0.160721,0.22192,0.000104,-0.035011,0.33275,0.002198,0.0,0.0,0.0,0.0,-9999.0,-9999.0,-9999.0,-9999.0,-9999.0,-9999.0,-9999.0,-9999.0,-9999.0,-9999.0,-9999.0,-9999.0,-9999.0,-9999.0
P21_HV1_1_interaction,active_and_state_lat_and_long_zero_last_source_row_continuous_segment,P21,HV1,1,on_ramp,P21_HV1_1,P21_HV1.1.asc,HV1,60,initiator_active,3415,1,56916.67,56916.6694,1.0,1.0,24.055769,86.600767,149.0,82.0334,-1380.065356,0.215129,0.34604,0.0,24.06127,0.027728,0.0,1380.087469,-32.313565,6.203137,1.0,1.0,0.0,0.0,1398.177918,-38.216579,1021.0,5006.0,0.0,148.0,-0.493124,35.517026,127.861292,35.516933,-0.080896,-1.9e-05,0.155317,0.225467,5.6e-05,-0.032499,0.33275,0.0,0.0,0.0,0.0,0.0,-9999.0,-9999.0,-9999.0,-9999.0,-9999.0,-9999.0,-9999.0,-9999.0,-9999.0,-9999.0,-9999.0,-9999.0,-9999.0,-9999.0
P21_HV1_1_interaction,active_and_state_lat_and_long_zero_last_source_row_continuous_segment,P21,HV1,1,on_ramp,P21_HV1_1,P21_HV1.1.asc,HV1,60,initiator_active,3416,1,56933.33,56933.3336,1.0,1.0,24.059466,86.614077,149.0,82.432936,-1380.465715,0.224565,0.413545,0.0,24.064931,0.024457,0.0,1380.487266,-32.345071,6.203523,1.0,1.0,0.0,0.0,1398.769837,-38.220508,1021.0,5006.0,0.0,148.0,-0.496651,35.519849,127.871456,35.519751,-0.083525,-1.9e-05,0.174823,0.228095,-1e-05,-0.030458,0.33275,0.0,0.0,0.0,0.0,0.0,-9999.0,-9999.0,-9999.0,-9999.0,-9999.0,-9999.0,-9999.0,-9999.0,-9999.0,-9999.0,-9999.0,-9999.0,-9999.0,-9999.0
P21_HV1_1_interaction,active_and_state_lat_and_long_zero_last_source_row_continuous_segment,P21,HV1,1,on_ramp,P21_HV1_1,P21_HV1.1.asc,HV1,60,initiator_active,3417,1,56950.0,56950.0025,1.0,1.0,24.063068,86.627044,149.0,82.832536,-1380.86614,0.221415,0.470385,0.0,24.068666,0.021136,0.0,1380.887133,-32.376468,6.203957,1.0,1.0,0.0,0.0,1399.361803,-38.224376,1021.0,5006.0,0.0,148.0,-0.500087,35.522768,127.881964,35.522663,-0.086232,-2e-05,0.175971,0.229521,-9.3e-05,-0.027789,0.33275,0.0,0.0,0.0,0.0,0.0,-9999.0,-9999.0,-9999.0,-9999.0,-9999.0,-9999.0,-9999.0,-9999.0,-9999.0,-9999.0,-9999.0,-9999.0,-9999.0,-9999.0
P21_HV1_1_interaction,active_and_state_lat_and_long_zero_last_source_row_continuous_segment,P21,HV1,1,on_ramp,P21_HV1_1,P21_HV1.1.asc,HV1,60,initiator_active,3418,1,56966.67,56966.6668,1.0,1.0,24.066808,86.640509,149.0,83.232202,-1381.266633,0.232454,0.534948,0.0,24.072362,0.017576,0.0,1381.287072,-32.407738,6.204441,1.0,1.0,0.0,0.0,1399.953817,-38.228181,1021.0,5006.0,0.0,148.0,-0.50343,35.525693,127.892495,35.525582,-0.088977,-2.2e-05,0.176145,0.231649,-0.000109,-0.025434,0.33275,0.0,0.0,0.0,0.0,0.0,-9999.0,-9999.0,-9999.0,-9999.0,-9999.0,-9999.0,-9999.0,-9999.0,-9999.0,-9999.0,-9999.0,-9999.0,-9999.0,-9999.0
P21_HV1_1_interaction,active_and_state_lat_and_long_zero_last_source_row_continuous_segment,P21,HV1,1,on_ramp,P21_HV1_1,P21_HV1.1.asc,HV1,60,initiator_active,3419,1,56983.33,56983.3343,1.0,1.0,24.070516,86.653859,149.0,83.631937,-1381.667195,0.227712,0.595132,0.0,24.076248,0.013868,0.0,1381.687085,-32.438864,6.204974,1.0,1.0,0.0,0.0,1400.545881,-38.231922,1021.0,5006.0,0.0,148.0,-0.506679,35.528619,127.903028,35.528501,-0.091716,-2.3e-05,0.176155,0.232746,-7.2e-05,-0.022608,0.33275,0.0,0.0,0.0,0.0,0.0,-9999.0,-9999.0,-9999.0,-9999.0,-9999.0,-9999.0,-9999.0,-9999.0,-9999.0,-9999.0,-9999.0,-9999.0,-9999.0,-9999.0
P21_HV1_1_interaction,active_and_state_lat_and_long_zero_last_source_row_continuous_segment,P21,HV1,1,on_ramp,P21_HV1_1,P21_HV1.1.asc,HV1,60,initiator_active,3420,1,57000.0,57000.0002,1.0,1.0,24.074304,86.667496,149.0,84.031742,-1382.067828,0.225399,0.64586,0.0,24.080038,0.010009,0.0,1382.087175,-32.46983,6.205555,1.0,1.0,0.0,0.0,1401.137994,-38.235599,1021.0,5006.0,0.0,148.0,-0.509832,35.531544,127.913559,35.531419,-0.094415,-2.4e-05,0.176115,0.233683,-6e-06,-0.019782,0.33275,0.0,0.0,0.0,0.0,0.0,-9999.0,-9999.0,-9999.0,-9999.0,-9999.0,-9999.0,-9999.0,-9999.0,-9999.0,-9999.0,-9999.0,-9999.0,-9999.0,-9999.0
P21_HV1_1_interaction,active_and_state_lat_and_long_zero_last_source_row_continuous_segment,P21,HV1,1,on_ramp,P21_HV1_1,P21_HV1.1.asc,HV1,60,initiator_active,3421,1,57016.67,57016.6677,1.0,1.0,24.07815,86.68134,149.0,84.43162,-1382.468535,0.224597,0.704419,0.0,24.083797,0.005901,0.0,1382.487342,-32.500619,6.206185,1.0,1.0,0.0,0.0,1401.730156,-38.23921,1021.0,5006.0,0.0,148.0,-0.512888,35.534468,127.924085,35.534336,-0.097031,-2.3e-05,0.176057,0.234377,6.6e-05,-0.016956,0.33275,0.0,0.0,0.0,0.0,0.0,-9999.0,-9999.0,-9999.0,-9999.0,-9999.0,-9999.0,-9999.0,-9999.0,-9999.0,-9999.0,-9999.0,-9999.0,-9999.0,-9999.0
P21_HV1_1_interaction,active_and_state_lat_and_long_zero_last_source_row_continuous_segment,P21,HV1,1,on_ramp,P21_HV1_1,P21_HV1.1.asc,HV1,60,initiator_active,3422,1,57033.33,57033.3334,1.0,1.0,24.08192,86.694911,149.0,84.831572,-1382.869315,0.22281,0.753214,0.0,24.087576,0.001558,0.0,1382.887586,-32.531215,6.206862,1.0,0.0,0.0,0.0,1402.322367,-38.242756,1021.0,5006.0,0.0,148.0,-0.515845,35.537389,127.934599,35.537249,-0.099526,-2.1e-05,0.175755,0.235061,0.000132,-0.014287,0.33275,0.0,0.0,0.0,0.0,0.0,-9999.0,-9999.0,-9999.0,-9999.0,-9999.0,-9999.0,-9999.0,-9999.0,-9999.0,-9999.0,-9999.0,-9999.0,-9999.0,-9999.0
P21_HV1_1_interaction,active_and_state_lat_and_long_zero_last_source_row_continuous_segment,P21,HV1,1,on_ramp,P21_HV1_1,P21_HV1.1.asc,HV1,60,initiator_active,3423,1,57050.0,57050.0008,1.0,1.0,24.085671,86.708417,149.0,85.231597,-1383.270168,0.219943,0.803989,0.0,24.091244,-0.003012,0.0,1383.287909,-32.561605,6.207583,1.0,0.0,0.0,0.0,1402.914628,-38.246233,1021.0,5006.0,0.0,148.0,-0.518702,35.540305,127.945097,35.540159,-0.101859,-1.8e-05,0.175631,0.235977,0.000187,-0.011932,0.33275,0.002198,0.0,0.0,0.0,0.0,-9999.0,-9999.0,-9999.0,-9999.0,-9999.0,-9999.0,-9999.0,-9999.0,-9999.0,-9999.0,-9999.0,-9999.0,-9999.0,-9999.0
P21_HV1_1_interaction,active_and_state_lat_and_long_zero_last_source_row_continuous_segment,P21,HV1,1,on_ramp,P21_HV1_1,P21_HV1.1.asc,HV1,60,initiator_active,3424,1,57066.67,57066.6675,1.0,1.0,24.089434,86.721961,149.0,85.631697,-1383.671095,0.223032,0.852023,0.0,24.09493,-0.007783,0.0,1383.68831,-32.591776,6.208347,1.0,0.0,0.0,0.0,1403.506937,-38.249644,1021.0,5006.0,0.0,148.0,-0.521457,35.542971,127.954694,35.542818,-0.103994,-1.4e-05,0.155598,0.23737,0.000261,-0.010048,0.33275,0.0,0.0,0.0,0.0,0.0,-9999.0,-9999.0,-9999.0,-9999.0,-9999.0,-9999.0,-9999.0,-9999.0,-9999.0,-9999.0,-9999.0,-9999.0,-9999.0,-9999.0
P21_HV1_1_interaction,active_and_state_lat_and_long_zero_last_source_row_continuous_segment,P21,HV1,1,on_ramp,P21_HV1_1,P21_HV1.1.asc,HV1,60,initiator_active,3425,1,57083.33,57083.3335,1.0,1.0,24.093076,86.735074,149.0,86.031871,-1384.072095,0.214551,0.899022,0.0,24.09864,-0.012734,0.0,1384.08879,-32.621713,6.20915,1.0,0.0,0.0,0.0,1404.099291,-38.252985,1021.0,5006.0,0.0,148.0,-0.52411,35.545786,127.96483,35.545628,-0.105906,-1e-05,0.174389,0.23821,0.000269,-0.008164,0.33275,0.0,0.0,0.0,0.0,0.0,-9999.0,-9999.0,-9999.0,-9999.0,-9999.0,-9999.0,-9999.0,-9999.0,-9999.0,-9999.0,-9999.0,-9999.0,-9999.0,-9999.0
P21_HV1_1_interaction,active_and_state_lat_and_long_zero_last_source_row_continuous_segment,P21,HV1,1,on_ramp,P21_HV1_1,P21_HV1.1.asc,HV1,60,initiator_active,3426,1,57100.0,57100.0002,1.0,1.0,24.096787,86.748432,149.0,86.432121,-1384.473169,0.175647,0.940963,0.0,24.102157,-0.017809,0.0,1384.48935,-32.651405,6.209989,1.0,0.0,0.0,0.0,1404.691693,-38.256258,1021.0,5006.0,0.0,148.0,-0.52666,35.548694,127.975298,35.548531,-0.107558,-5e-06,0.175419,0.242348,0.000234,-0.008164,0.33275,0.0,0.0,0.0,0.0,0.0,-9999.0,-9999.0,-9999.0,-9999.0,-9999.0,-9999.0,-9999.0,-9999.0,-9999.0,-9999.0,-9999.0,-9999.0,-9999.0,-9999.0
P21_HV1_1_interaction,active_and_state_lat_and_long_zero_last_source_row_continuous_segment,P21,HV1,1,on_ramp,P21_HV1_1,P21_HV1.1.asc,HV1,60,initiator_active,3427,1,57116.67,57116.6668,1.0,1.0,24.100424,86.761526,149.0,86.832447,-1384.874317,0.222852,0.986787,0.0,24.105216,-0.022938,0.0,1384.889985,-32.680839,6.210861,1.0,0.0,0.0,0.0,1405.284143,-38.259461,1021.0,5006.0,0.0,148.0,-0.529105,35.551607,127.985784,35.55144,-0.108986,-2e-06,0.175552,0.238968,0.000206,-0.004867,0.33275,0.0,0.0,0.0,0.0,0.0,-9999.0,-9999.0,-9999.0,-9999.0,-9999.0,-9999.0,-9999.0,-9999.0,-9999.0,-9999.0,-9999.0,-9999.0,-9999.0,-9999.0
P21_HV1_1_interaction,active_and_state_lat_and_long_zero_last_source_row_continuous_segment,P21,HV1,1,on_ramp,P21_HV1_1,P21_HV1.1.asc,HV1,60,initiator_active,3428,1,57133.33,57133.334,1.0,1.0,24.103614,86.773011,149.0,87.232845,-1385.275535,0.224943,1.02891,0.0,24.108947,-0.028084,0.0,1385.290694,-32.710005,6.211763,1.0,0.0,0.0,0.0,1405.876643,-38.262594,1021.0,5006.0,0.0,148.0,-0.531444,35.55452,127.996273,35.554349,-0.110169,1e-06,0.17554,0.238263,0.000202,-0.00314,0.33275,0.0,0.0,0.0,0.0,0.0,-9999.0,-9999.0,-9999.0,-9999.0,-9999.0,-9999.0,-9999.0,-9999.0,-9999.0,-9999.0,-9999.0,-9999.0,-9999.0,-9999.0
P21_HV1_1_interaction,active_and_state_lat_and_long_zero_last_source_row_continuous_segment,P21,HV1,1,on_ramp,P21_HV1_1,P21_HV1.1.asc,HV1,60,initiator_active,3429,1,57150.01,57150.0128,1.0,1.0,24.107064,86.78543,149.0,87.633313,-1385.676821,0.2188,1.066375,0.0,24.11266,-0.033165,0.0,1385.691486,-32.738891,6.212691,1.0,0.0,0.0,0.0,1406.469191,-38.265657,1021.0,5006.0,0.0,148.0,-0.533677,35.557433,128.006758,35.557259,-0.111103,5e-06,0.175486,0.235932,0.000202,-0.000942,0.33275,0.0,0.0,0.0,0.0,0.0,-9999.0,-9999.0,-9999.0,-9999.0,-9999.0,-9999.0,-9999.0,-9999.0,-9999.0,-9999.0,-9999.0,-9999.0,-9999.0,-9999.0
P21_HV1_1_interaction,active_and_state_lat_and_long_zero_last_source_row_continuous_segment,P21,HV1,1,on_ramp,P21_HV1_1,P21_HV1.1.asc,HV1,60,initiator_active,3430,1,57166.68,57166.6763,1.0,1.0,24.11081,86.798915,149.0,88.03386,-1386.078183,0.165613,1.105417,0.0,24.116282,-0.038182,0.0,1386.09236,-32.767486,6.213643,1.0,0.0,0.0,0.0,1407.061788,-38.26865,1021.0,5006.0,0.0,148.0,-0.535804,35.560345,128.01724,35.560169,-0.111795,8e-06,0.17542,0.231971,0.000201,0.001727,0.33275,0.002198,0.0,0.0,0.0,0.0,-9999.0,-9999.0,-9999.0,-9999.0,-9999.0,-9999.0,-9999.0,-9999.0,-9999.0,-9999.0,-9999.0,-9999.0,-9999.0,-9999.0
P21_HV1_1_interaction,active_and_state_lat_and_long_zero_last_source_row_continuous_segment,P21,HV1,1,on_ramp,P21_HV1_1,P21_HV1.1.asc,HV1,60,initiator_active,3431,1,57183.33,57183.3341,1.0,1.0,24.114469,86.81209,149.0,88.434487,-1386.479621,0.20985,1.143414,0.0,24.119113,-0.043075,0.0,1386.493313,-32.79578,6.214616,1.0,0.0,0.0,0.0,1407.654433,-38.271574,1021.0,5006.0,0.0,148.0,-0.537825,35.563004,128.026815,35.562827,-0.112253,1.2e-05,0.155189,0.226059,0.000228,0.005024,0.33275,0.0,0.0,0.0,0.0,0.0,-9999.0,-9999.0,-9999.0,-9999.0,-9999.0,-9999.0,-9999.0,-9999.0,-9999.0,-9999.0,-9999.0,-9999.0,-9999.0,-9999.0
P21_HV1_1_interaction,active_and_state_lat_and_long_zero_last_source_row_continuous_segment,P21,HV1,1,on_ramp,P21_HV1_1,P21_HV1.1.asc,HV1,60,initiator_active,3432,1,57200.0,57200.0001,1.0,1.0,24.117646,86.823524,149.0,88.835188,-1386.88113,0.218043,1.176494,0.0,24.122631,-0.047779,0.0,1386.894338,-32.823763,6.215608,1.0,0.0,0.0,0.0,1408.247124,-38.27443,1021.0,5006.0,0.0,148.0,-0.539739,35.565812,128.036923,35.565634,-0.112476,1.6e-05,0.173893,0.218508,0.000201,0.008792,0.33275,0.002198,0.0,0.0,0.0,0.0,-9999.0,-9999.0,-9999.0,-9999.0,-9999.0,-9999.0,-9999.0,-9999.0,-9999.0,-9999.0,-9999.0,-9999.0,-9999.0,-9999.0
P21_HV1_1_interaction,active_and_state_lat_and_long_zero_last_source_row_continuous_segment,P21,HV1,1,on_ramp,P21_HV1_1,P21_HV1.1.asc,HV1,60,initiator_active,3433,1,57216.67,57216.6669,1.0,1.0,24.120842,86.835031,149.0,89.235958,-1387.282705,0.219714,1.212615,0.0,24.126248,-0.052328,0.0,1387.295445,-32.851424,6.216615,1.0,0.0,0.0,0.0,1408.839861,-38.277219,1021.0,5006.0,0.0,148.0,-0.541549,35.568461,128.046459,35.568283,-0.112469,1.9e-05,0.154763,0.207351,0.000166,0.013973,0.33275,0.0,0.0,0.0,0.0,0.0,-9999.0,-9999.0,-9999.0,-9999.0,-9999.0,-9999.0,-9999.0,-9999.0,-9999.0,-9999.0,-9999.0,-9999.0,-9999.0,-9999.0
P21_HV1_1_interaction,active_and_state_lat_and_long_zero_last_source_row_continuous_segment,P21,HV1,1,on_ramp,P21_HV1_1,P21_HV1.1.asc,HV1,60,initiator_active,3434,1,57233.33,57233.3343,1.0,1.0,24.124426,86.847934,149.0,89.636807,-1387.684354,0.234106,1.243018,0.0,24.130002,-0.056648,0.0,1387.696635,-32.878756,6.217636,1.0,0.0,0.0,0.0,1409.432644,-38.279943,1021.0,5006.0,0.0,148.0,-0.543254,35.571265,128.056555,35.571088,-0.112235,2.1e-05,0.173685,0.194171,0.000116,0.019782,0.33275,0.0,0.0,0.0,0.0,0.0,-9999.0,-9999.0,-9999.0,-9999.0,-9999.0,-9999.0,-9999.0,-9999.0,-9999.0,-9999.0,-9999.0,-9999.0,-9999.0,-9999.0
P21_HV1_1_interaction,active_and_state_lat_and_long_zero_last_source_row_continuous_segment,P21,HV1,1,on_ramp,P21_HV1_1,P21_HV1.1.asc,HV1,60,initiator_active,3435,1,57250.0,57250.0005,1.0,1.0,24.128055,86.860997,149.0,90.037735,-1388.086079,0.217819,1.268665,0.0,24.133767,-0.06075,0.0,1388.097911,-32.90575,6.218669,1.0,0.0,0.0,0.0,1410.025474,-38.282605,1021.0,5006.0,0.0,148.0,-0.544858,35.574164,128.066989,35.573988,-0.111668,2.3e-05,0.17477,0.192379,8.5e-05,0.019782,0.33275,0.0,0.0,0.0,0.0,0.0,-9999.0,-9999.0,-9999.0,-9999.0,-9999.0,-9999.0,-9999.0,-9999.0,-9999.0,-9999.0,-9999.0,-9999.0,-9999.0,-9999.0
P21_HV1_1_interaction,active_and_state_lat_and_long_zero_last_source_row_continuous_segment,P21,HV1,1,on_ramp,P21_HV1_1,P21_HV1.1.asc,HV1,60,initiator_active,3436,1,57266.67,57266.6675,1.0,1.0,24.131925,86.874932,149.0,90.438747,-1388.487883,0.217995,1.299233,0.0,24.137309,-0.064634,0.0,1388.499273,-32.932397,6.219712,1.0,0.0,0.0,0.0,1410.618351,-38.285206,1021.0,5006.0,0.0,148.0,-0.546362,35.576978,128.077122,35.576806,-0.110802,2.5e-05,0.159079,0.178883,0.000144,0.024963,0.33275,0.002198,0.0,0.0,0.0,0.0,-9999.0,-9999.0,-9999.0,-9999.0,-9999.0,-9999.0,-9999.0,-9999.0,-9999.0,-9999.0,-9999.0,-9999.0,-9999.0,-9999.0
P21_HV1_1_interaction,active_and_state_lat_and_long_zero_last_source_row_continuous_segment,P21,HV1,1,on_ramp,P21_HV1_1,P21_HV1.1.asc,HV1,60,initiator_active,3437,1,57283.34,57283.3387,1.0,1.0,24.135553,86.887989,149.0,90.83984,-1388.889763,0.210866,1.323257,0.0,24.14087,-0.068285,0.0,1388.900718,-32.958691,6.220764,1.0,0.0,0.0,0.0,1411.211275,-38.287751,1021.0,5006.0,0.0,148.0,-0.547769,35.57964,128.086703,35.579471,-0.109663,2.6e-05,0.169536,0.157662,6.9e-05,0.033441,0.33275,0.0,0.0,0.0,0.0,0.0,-9999.0,-9999.0,-9999.0,-9999.0,-9999.0,-9999.0,-9999.0,-9999.0,-9999.0,-9999.0,-9999.0,-9999.0,-9999.0,-9999.0
P21_HV1_1_interaction,active_and_state_lat_and_long_zero_last_source_row_continuous_segment,P21,HV1,1,on_ramp,P21_HV1_1,P21_HV1.1.asc,HV1,60,initiator_active,3438,1,57300.0,57300.0001,1.0,1.0,24.139094,86.900738,149.0,91.241013,-1389.291719,0.211278,1.347755,0.0,24.14429,-0.071681,0.0,1389.302245,-32.984623,6.221823,1.0,0.0,0.0,0.0,1411.804245,-38.290241,1021.0,5006.0,0.0,148.0,-0.54908,35.582521,128.097077,35.582357,-0.1081,2.8e-05,0.174245,0.153349,5.8e-05,0.033441,0.33275,0.0,0.0,0.0,0.0,0.0,-9999.0,-9999.0,-9999.0,-9999.0,-9999.0,-9999.0,-9999.0,-9999.0,-9999.0,-9999.0,-9999.0,-9999.0,-9999.0,-9999.0
P21_HV1_1_interaction,active_and_state_lat_and_long_zero_last_source_row_continuous_segment,P21,HV1,1,on_ramp,P21_HV1_1,P21_HV1.1.asc,HV1,60,initiator_active,3439,1,57316.68,57316.6752,1.0,1.0,24.142594,86.913338,149.0,91.642264,-1389.693748,0.216795,1.368909,0.0,24.147831,-0.074853,0.0,1389.703853,-33.010188,6.222887,1.0,0.0,0.0,0.0,1412.397263,-38.292681,1021.0,5006.0,0.0,148.0,-0.550299,35.585422,128.107519,35.585264,-0.106134,2.8e-05,0.174571,0.139733,-1.5e-05,0.037366,0.3565,0.0,0.0,0.0,0.0,0.0,-9999.0,-9999.0,-9999.0,-9999.0,-9999.0,-9999.0,-9999.0,-9999.0,-9999.0,-9999.0,-9999.0,-9999.0,-9999.0,-9999.0
P21_HV1_1_interaction,active_and_state_lat_and_long_zero_last_source_row_continuous_segment,P21,HV1,1,on_ramp,P21_HV1_1,P21_HV1.1.asc,HV1,60,initiator_active,3440,1,57333.33,57333.3338,1.0,1.0,24.146015,86.925653,149.0,92.043593,-1390.09585,0.214302,1.387504,0.0,24.151338,-0.077823,0.0,1390.105544,-33.035379,6.223957,1.0,0.0,0.0,0.0,1412.990329,-38.295072,1021.0,5006.0,0.0,148.0,-0.551428,35.588325,128.117971,35.588174,-0.10373,2.7e-05,0.174613,0.132377,-9.1e-05,0.037837,0.37325,0.002198,0.0,0.0,0.0,0.0,-9999.0,-9999.0,-9999.0,-9999.0,-9999.0,-9999.0,-9999.0,-9999.0,-9999.0,-9999.0,-9999.0,-9999.0,-9999.0,-9999.0
P21_HV1_1_interaction,active_and_state_lat_and_long_zero_last_source_row_continuous_segment,P21,HV1,1,on_ramp,P21_HV1_1,P21_HV1.1.asc,HV1,60,initiator_active,3441,1,57350.0,57350.001,1.0,1.0,24.149601,86.938562,149.0,92.445002,-1390.498026,0.202762,1.406982,0.0,24.154834,-0.080552,0.0,1390.507318,-33.06019,6.225031,1.0,0.0,0.0,0.0,1413.583443,-38.297417,1021.0,5006.0,0.0,148.0,-0.552469,35.590978,128.127522,35.590835,-0.100894,2.5e-05,0.154426,0.124998,-0.000123,0.037366,0.3895,0.0,0.0,0.0,0.0,0.0,-9999.0,-9999.0,-9999.0,-9999.0,-9999.0,-9999.0,-9999.0,-9999.0,-9999.0,-9999.0,-9999.0,-9999.0,-9999.0,-9999.0
P21_HV1_1_interaction,active_and_state_lat_and_long_zero_last_source_row_continuous_segment,P21,HV1,1,on_ramp,P21_HV1_1,P21_HV1.1.asc,HV1,60,initiator_active,3442,1,57366.67,57366.6673,1.0,1.0,24.153085,86.951105,149.0,92.84649,-1390.900276,0.217571,1.424979,0.0,24.15816,-0.083042,0.0,1390.909172,-33.084617,6.226108,1.0,1.0,0.0,0.0,1414.176603,-38.29972,1021.0,5006.0,0.0,148.0,-0.553424,35.593779,128.137605,35.593645,-0.097657,2.2e-05,0.173117,0.118136,-0.000196,0.03611,0.405,0.0,0.0,0.0,0.0,0.0,-9999.0,-9999.0,-9999.0,-9999.0,-9999.0,-9999.0,-9999.0,-9999.0,-9999.0,-9999.0,-9999.0,-9999.0,-9999.0,-9999.0
P21_HV1_1_interaction,active_and_state_lat_and_long_zero_last_source_row_continuous_segment,P21,HV1,1,on_ramp,P21_HV1_1,P21_HV1.1.asc,HV1,60,initiator_active,3443,1,57383.33,57383.3341,1.0,1.0,24.156483,86.963339,149.0,93.248055,-1391.302597,0.222611,1.440365,0.0,24.161739,-0.085311,0.0,1391.311107,-33.108654,6.227188,1.0,1.0,0.0,0.0,1414.769809,-38.301982,1021.0,5006.0,0.0,148.0,-0.554295,35.596673,128.148021,35.596548,-0.094052,1.8e-05,0.17415,0.111861,-0.00029,0.034697,0.405,0.0,0.0,0.0,0.0,0.0,-9999.0,-9999.0,-9999.0,-9999.0,-9999.0,-9999.0,-9999.0,-9999.0,-9999.0,-9999.0,-9999.0,-9999.0,-9999.0,-9999.0
P21_HV1_1_interaction,active_and_state_lat_and_long_zero_last_source_row_continuous_segment,P21,HV1,1,on_ramp,P21_HV1_1,P21_HV1.1.asc,HV1,60,initiator_active,3444,1,57400.0,57400.0,1.0,1.0,24.159931,86.975752,149.0,93.649698,-1391.70499,0.221833,1.453141,0.0,24.16536,-0.087415,0.0,1391.713126,-33.132297,6.22827,1.0,1.0,0.0,0.0,1415.363063,-38.304207,1021.0,5006.0,0.0,148.0,-0.555083,35.599572,128.158458,35.599458,-0.090121,1.3e-05,0.174262,0.105818,-0.000339,0.032813,0.41775,0.0,0.0,0.0,0.0,0.0,-9999.0,-9999.0,-9999.0,-9999.0,-9999.0,-9999.0,-9999.0,-9999.0,-9999.0,-9999.0,-9999.0,-9999.0,-9999.0,-9999.0
P21_HV1_1_interaction,active_and_state_lat_and_long_zero_last_source_row_continuous_segment,P21,HV1,1,on_ramp,P21_HV1_1,P21_HV1.1.asc,HV1,60,initiator_active,3445,1,57416.67,57416.6673,1.0,1.0,24.163551,86.988785,149.0,94.05142,-1392.107458,0.229769,1.465142,0.0,24.169064,-0.089327,0.0,1392.115228,-33.155541,6.229354,1.0,1.0,0.0,0.0,1415.956366,-38.306396,1021.0,5006.0,0.0,148.0,-0.555792,35.602472,128.168898,35.602368,-0.085933,7e-06,0.174227,0.097502,-0.000337,0.031714,0.425,0.0,0.0,0.0,0.0,0.0,-9999.0,-9999.0,-9999.0,-9999.0,-9999.0,-9999.0,-9999.0,-9999.0,-9999.0,-9999.0,-9999.0,-9999.0,-9999.0,-9999.0
P21_HV1_1_interaction,active_and_state_lat_and_long_zero_last_source_row_continuous_segment,P21,HV1,1,on_ramp,P21_HV1_1,P21_HV1.1.asc,HV1,60,initiator_active,3446,1,57433.33,57433.3344,1.0,1.0,24.167164,87.00179,149.0,94.453223,-1392.509999,0.223147,1.476272,0.0,24.172772,-0.091091,0.0,1392.517416,-33.178384,6.23044,1.0,1.0,0.0,0.0,1416.549717,-38.308552,1021.0,5006.0,0.0,148.0,-0.556423,35.605371,128.179337,35.605278,-0.081572,2e-06,0.174173,0.086406,-0.000307,0.031714,0.425,0.0,0.0,0.0,0.0,0.0,-9999.0,-9999.0,-9999.0,-9999.0,-9999.0,-9999.0,-9999.0,-9999.0,-9999.0,-9999.0,-9999.0,-9999.0,-9999.0,-9999.0
P21_HV1_1_interaction,active_and_state_lat_and_long_zero_last_source_row_continuous_segment,P21,HV1,1,on_ramp,P21_HV1_1,P21_HV1.1.asc,HV1,60,initiator_active,3447,1,57450.0,57450.0007,1.0,1.0,24.170934,87.015361,149.0,94.855108,-1392.912617,0.215842,1.48576,0.0,24.176375,-0.092699,0.0,1392.919688,-33.200821,6.231527,1.0,1.0,0.0,0.0,1417.143116,-38.310679,1021.0,5006.0,0.0,148.0,-0.556978,35.60827,128.189773,35.608187,-0.077071,-3e-06,0.174097,0.077631,-0.00027,0.030458,0.4255,0.002198,0.0,0.0,0.0,0.0,-9999.0,-9999.0,-9999.0,-9999.0,-9999.0,-9999.0,-9999.0,-9999.0,-9999.0,-9999.0,-9999.0,-9999.0,-9999.0,-9999.0
P21_HV1_1_interaction,active_and_state_lat_and_long_zero_last_source_row_continuous_segment,P21,HV1,1,on_ramp,P21_HV1_1,P21_HV1.1.asc,HV1,60,initiator_active,3448,1,57466.67,57466.6673,1.0,1.0,24.174585,87.028507,149.0,95.257074,-1393.315309,0.222356,1.494129,0.0,24.17992,-0.094183,0.0,1393.322042,-33.222851,6.232615,1.0,1.0,0.0,0.0,1417.736563,-38.312779,1021.0,5006.0,0.0,148.0,-0.55746,35.610927,128.199337,35.610853,-0.072494,-6e-06,0.155902,0.066006,-0.000199,0.030458,0.4255,0.0,0.0,0.0,0.0,0.0,-9999.0,-9999.0,-9999.0,-9999.0,-9999.0,-9999.0,-9999.0,-9999.0,-9999.0,-9999.0,-9999.0,-9999.0,-9999.0,-9999.0
P21_HV1_1_interaction,active_and_state_lat_and_long_zero_last_source_row_continuous_segment,P21,HV1,1,on_ramp,P21_HV1_1,P21_HV1.1.asc,HV1,60,initiator_active,3449,1,57483.33,57483.3341,1.0,1.0,24.178126,87.041254,149.0,95.659118,-1393.718074,0.222845,1.499362,0.0,24.183547,-0.095578,0.0,1393.724479,-33.244469,6.233703,1.0,1.0,0.0,0.0,1418.330056,-38.314856,1021.0,5006.0,0.0,148.0,-0.557873,35.613964,128.210271,35.613899,-0.067881,-1e-05,0.197041,0.054233,-0.000184,0.030458,0.4255,0.0,0.0,0.0,0.0,0.0,-9999.0,-9999.0,-9999.0,-9999.0,-9999.0,-9999.0,-9999.0,-9999.0,-9999.0,-9999.0,-9999.0,-9999.0,-9999.0,-9999.0
P21_HV1_1_interaction,active_and_state_lat_and_long_zero_last_source_row_continuous_segment,P21,HV1,1,on_ramp,P21_HV1_1,P21_HV1.1.asc,HV1,60,initiator_active,3450,1,57500.0,57500.0,1.0,1.0,24.181725,87.054209,149.0,96.061241,-1394.120912,0.219651,1.502961,0.0,24.187142,-0.096885,0.0,1394.126998,-33.265676,6.23479,1.0,1.0,0.0,0.0,1418.9236,-38.316914,1021.0,5006.0,0.0,148.0,-0.558219,35.617543,128.223156,35.617487,-0.063257,-1.3e-05,0.226765,0.042413,-0.000195,0.030458,0.4255,0.0,0.0,0.0,0.0,0.0,-9999.0,-9999.0,-9999.0,-9999.0,-9999.0,-9999.0,-9999.0,-9999.0,-9999.0,-9999.0,-9999.0,-9999.0,-9999.0,-9999.0
P21_HV1_1_interaction,active_and_state_lat_and_long_zero_last_source_row_continuous_segment,P21,HV1,1,on_ramp,P21_HV1_1,P21_HV1.1.asc,HV1,60,initiator_active,3451,1,57516.67,57516.6668,1.0,1.0,24.185355,87.067279,149.0,96.463443,-1394.523822,0.220729,1.50609,0.0,24.19067,-0.098099,0.0,1394.529598,-33.286469,6.235876,1.0,1.0,0.0,0.0,1419.517203,-38.318956,1021.0,5006.0,0.0,148.0,-0.558501,35.621621,128.237834,35.621572,-0.058644,-1.6e-05,0.256658,0.030544,-0.000135,0.030772,0.4255,0.0,0.0,0.0,0.0,0.0,-9999.0,-9999.0,-9999.0,-9999.0,-9999.0,-9999.0,-9999.0,-9999.0,-9999.0,-9999.0,-9999.0,-9999.0,-9999.0,-9999.0
P21_HV1_1_interaction,active_and_state_lat_and_long_zero_last_source_row_continuous_segment,P21,HV1,1,on_ramp,P21_HV1_1,P21_HV1.1.asc,HV1,60,initiator_active,3452,1,57533.33,57533.3341,1.0,1.0,24.188923,87.080122,149.0,96.865723,-1394.926804,0.224191,1.507702,0.0,24.19426,-0.099241,0.0,1394.932278,-33.306849,6.236961,1.0,1.0,0.0,0.0,1420.110874,-38.320986,1021.0,5006.0,0.0,148.0,-0.558722,35.62619,128.254284,35.626149,-0.054068,-1.7e-05,0.285848,0.0181,-3e-06,0.031714,0.42425,0.0,0.0,0.0,0.0,0.0,-9999.0,-9999.0,-9999.0,-9999.0,-9999.0,-9999.0,-9999.0,-9999.0,-9999.0,-9999.0,-9999.0,-9999.0,-9999.0,-9999.0
P21_HV1_1_interaction,active_and_state_lat_and_long_zero_last_source_row_continuous_segment,P21,HV1,1,on_ramp,P21_HV1_1,P21_HV1.1.asc,HV1,60,initiator_active,3453,1,57550.0,57550.0009,1.0,1.0,24.192459,87.092853,149.0,97.26808,-1395.329856,0.222801,1.510213,0.0,24.197915,-0.100289,0.0,1395.33504,-33.326814,6.238042,1.0,1.0,0.0,0.0,1420.70462,-38.323007,1021.0,5006.0,0.0,148.0,-0.558886,35.631112,128.272005,35.631078,-0.049555,-1.6e-05,0.299828,0.005204,0.000168,0.032185,0.42425,0.0,0.0,0.0,0.0,0.0,-9999.0,-9999.0,-9999.0,-9999.0,-9999.0,-9999.0,-9999.0,-9999.0,-9999.0,-9999.0,-9999.0,-9999.0,-9999.0,-9999.0
P21_HV1_1_interaction,active_and_state_lat_and_long_zero_last_source_row_continuous_segment,P21,HV1,1,on_ramp,P21_HV1_1,P21_HV1.1.asc,HV1,60,initiator_active,3454,1,57566.67,57566.6672,1.0,1.0,24.196078,87.10588,149.0,97.670514,-1395.73298,0.224832,1.507572,0.0,24.201567,-0.101218,0.0,1395.737883,-33.346364,6.23912,1.0,1.0,0.0,0.0,1421.298447,-38.325023,1021.0,5006.0,0.0,148.0,-0.558995,35.636268,128.290564,35.636239,-0.045122,-1.1e-05,0.316538,-0.00733,0.000335,0.032499,0.4215,0.0,0.0,0.0,0.0,0.0,-9999.0,-9999.0,-9999.0,-9999.0,-9999.0,-9999.0,-9999.0,-9999.0,-9999.0,-9999.0,-9999.0,-9999.0,-9999.0,-9999.0
P21_HV1_1_interaction,active_and_state_lat_and_long_zero_last_source_row_continuous_segment,P21,HV1,1,on_ramp,P21_HV1_1,P21_HV1.1.asc,HV1,60,initiator_active,3455,1,57583.33,57583.3336,1.0,1.0,24.199721,87.118994,149.0,98.073026,-1396.136174,0.225678,1.507001,0.0,24.205204,-0.102104,0.0,1396.140807,-33.365499,6.240195,1.0,1.0,0.0,0.0,1421.89236,-38.327038,1021.0,5006.0,0.0,148.0,-0.559053,35.641706,128.310142,35.641683,-0.04078,-4e-06,0.332448,-0.019777,0.000465,0.032813,0.4215,0.0,0.0,0.0,0.0,0.0,-9999.0,-9999.0,-9999.0,-9999.0,-9999.0,-9999.0,-9999.0,-9999.0,-9999.0,-9999.0,-9999.0,-9999.0,-9999.0,-9999.0
P21_HV1_1_interaction,active_and_state_lat_and_long_zero_last_source_row_continuous_segment,P21,HV1,1,on_ramp,P21_HV1_1,P21_HV1.1.asc,HV1,60,initiator_active,3456,1,57600.0,57600.0008,1.0,1.0,24.20339,87.132203,149.0,98.475615,-1396.53944,0.222027,1.503881,0.0,24.208866,-0.102896,0.0,1396.543811,-33.384219,6.241264,1.0,1.0,0.0,0.0,1422.486363,-38.329056,1021.0,5006.0,0.0,148.0,-0.559062,35.647331,128.330392,35.647312,-0.036541,4e-06,0.34005,-0.032086,0.000559,0.033127,0.41875,0.0,0.0,0.0,0.0,0.0,-9999.0,-9999.0,-9999.0,-9999.0,-9999.0,-9999.0,-9999.0,-9999.0,-9999.0,-9999.0,-9999.0,-9999.0,-9999.0,-9999.0
P21_HV1_1_interaction,active_and_state_lat_and_long_zero_last_source_row_continuous_segment,P21,HV1,1,on_ramp,P21_HV1_1,P21_HV1.1.asc,HV1,60,initiator_active,3457,1,57616.67,57616.6679,1.0,1.0,24.207033,87.14532,149.0,98.878281,-1396.942777,0.224328,1.498105,0.0,24.212505,-0.103603,0.0,1396.946895,-33.402526,6.242328,1.0,1.0,0.0,0.0,1423.08046,-38.33108,1021.0,5006.0,0.0,148.0,-0.559027,35.653032,128.350914,35.653017,-0.032419,1.4e-05,0.342801,-0.044199,0.000615,0.033441,0.4155,0.0,0.0,0.0,0.0,0.0,-9999.0,-9999.0,-9999.0,-9999.0,-9999.0,-9999.0,-9999.0,-9999.0,-9999.0,-9999.0,-9999.0,-9999.0,-9999.0,-9999.0
P21_HV1_1_interaction,active_and_state_lat_and_long_zero_last_source_row_continuous_segment,P21,HV1,1,on_ramp,P21_HV1_1,P21_HV1.1.asc,HV1,60,initiator_active,3458,1,57633.33,57633.334,1.0,1.0,24.210664,87.158391,149.0,99.281023,-1397.346183,0.210598,1.493925,0.0,24.2161,-0.104245,0.0,1397.350058,-33.420419,6.243385,1.0,1.0,0.0,0.0,1423.674651,-38.333114,1021.0,5006.0,0.0,148.0,-0.558949,35.658749,128.371498,35.658738,-0.02842,2.5e-05,0.342913,-0.055394,0.000627,0.033441,0.4155,0.0,0.0,0.0,0.0,0.0,-9999.0,-9999.0,-9999.0,-9999.0,-9999.0,-9999.0,-9999.0,-9999.0,-9999.0,-9999.0,-9999.0,-9999.0,-9999.0,-9999.0
P21_HV1_1_interaction,active_and_state_lat_and_long_zero_last_source_row_continuous_segment,P21,HV1,1,on_ramp,P21_HV1_1,P21_HV1.1.asc,HV1,60,initiator_active,3459,1,57650.0,57650.0007,1.0,1.0,24.214322,87.171561,149.0,99.683841,-1397.749659,0.21641,1.485116,0.0,24.21946,-0.104795,0.0,1397.753299,-33.437901,6.244435,1.0,1.0,0.0,0.0,1424.268937,-38.335161,1021.0,5006.0,0.0,148.0,-0.558833,35.664454,128.392036,35.664446,-0.024573,3.5e-05,0.3417,-0.068904,0.000601,0.034697,0.40925,0.002198,0.0,0.0,0.0,0.0,-9999.0,-9999.0,-9999.0,-9999.0,-9999.0,-9999.0,-9999.0,-9999.0,-9999.0,-9999.0,-9999.0,-9999.0,-9999.0,-9999.0
P21_HV1_1_interaction,active_and_state_lat_and_long_zero_last_source_row_continuous_segment,P21,HV1,1,on_ramp,P21_HV1_1,P21_HV1.1.asc,HV1,60,initiator_active,3460,1,57666.67,57666.6674,1.0,1.0,24.217803,87.184092,149.0,100.086733,-1398.153203,0.184644,1.479052,0.0,24.223007,-0.105304,0.0,1398.156614,-33.454974,6.245476,1.0,1.0,0.0,0.0,1424.863318,-38.337225,1021.0,5006.0,0.0,148.0,-0.55868,35.669882,128.411577,35.669876,-0.020865,4.5e-05,0.319812,-0.079362,0.000576,0.034697,0.40925,0.002198,0.0,0.0,0.0,0.0,-9999.0,-9999.0,-9999.0,-9999.0,-9999.0,-9999.0,-9999.0,-9999.0,-9999.0,-9999.0,-9999.0,-9999.0,-9999.0,-9999.0
P21_HV1_1_interaction,active_and_state_lat_and_long_zero_last_source_row_continuous_segment,P21,HV1,1,on_ramp,P21_HV1_1,P21_HV1.1.asc,HV1,60,initiator_active,3461,1,57683.33,57683.3335,1.0,1.0,24.221212,87.196362,149.0,100.489695,-1398.55681,0.212664,1.469585,0.0,24.226064,-0.105722,0.0,1398.560002,-33.471639,6.246509,1.0,1.0,0.0,0.0,1425.45779,-38.339309,1021.0,5006.0,0.0,148.0,-0.558494,35.675268,128.430963,35.675263,-0.017341,5.4e-05,0.332329,-0.09505,0.000458,0.037366,0.40675,0.0,0.0,0.0,0.0,0.0,-9999.0,-9999.0,-9999.0,-9999.0,-9999.0,-9999.0,-9999.0,-9999.0,-9999.0,-9999.0,-9999.0,-9999.0,-9999.0,-9999.0
P21_HV1_1_interaction,active_and_state_lat_and_long_zero_last_source_row_continuous_segment,P21,HV1,1,on_ramp,P21_HV1_1,P21_HV1.1.asc,HV1,60,initiator_active,3462,1,57700.0,57700.0001,1.0,1.0,24.224494,87.208178,149.0,100.892727,-1398.960482,0.219143,1.454992,0.0,24.229525,-0.106067,0.0,1398.963461,-33.487899,6.247531,1.0,0.0,0.0,0.0,1426.052352,-38.341417,1021.0,5006.0,0.0,148.0,-0.558278,35.680848,128.451053,35.680845,-0.01399,6.1e-05,0.334633,-0.109582,0.000355,0.039721,0.406,0.002198,0.0,0.0,0.0,0.0,-9999.0,-9999.0,-9999.0,-9999.0,-9999.0,-9999.0,-9999.0,-9999.0,-9999.0,-9999.0,-9999.0,-9999.0,-9999.0,-9999.0
P21_HV1_1_interaction,active_and_state_lat_and_long_zero_last_source_row_continuous_segment,P21,HV1,1,on_ramp,P21_HV1_1,P21_HV1.1.asc,HV1,60,initiator_active,3463,1,57716.67,57716.6674,1.0,1.0,24.227785,87.220026,149.0,101.295826,-1399.364214,0.219305,1.438564,0.0,24.233066,-0.106388,0.0,1399.366993,-33.503758,6.248543,1.0,0.0,0.0,0.0,1426.647006,-38.343554,1021.0,5006.0,0.0,148.0,-0.558035,35.686161,128.470178,35.686159,-0.010813,6.6e-05,0.313005,-0.124967,0.000252,0.042704,0.406,0.002198,0.0,0.0,0.0,0.0,-9999.0,-9999.0,-9999.0,-9999.0,-9999.0,-9999.0,-9999.0,-9999.0,-9999.0,-9999.0,-9999.0,-9999.0,-9999.0,-9999.0
P21_HV1_1_interaction,active_and_state_lat_and_long_zero_last_source_row_continuous_segment,P21,HV1,1,on_ramp,P21_HV1_1,P21_HV1.1.asc,HV1,60,initiator_active,3464,1,57733.33,57733.3335,1.0,1.0,24.231301,87.232683,149.0,101.698994,-1399.76801,0.22199,1.418716,0.0,24.23664,-0.106679,0.0,1399.7706,-33.51922,6.249541,1.0,0.0,0.0,0.0,1427.241749,-38.345722,1021.0,5006.0,0.0,148.0,-0.557768,35.691324,128.488768,35.691324,-0.007756,6.9e-05,0.307705,-0.133701,0.000172,0.042704,0.406,0.002198,0.0,0.0,0.0,0.0,-9999.0,-9999.0,-9999.0,-9999.0,-9999.0,-9999.0,-9999.0,-9999.0,-9999.0,-9999.0,-9999.0,-9999.0,-9999.0,-9999.0
P21_HV1_1_interaction,active_and_state_lat_and_long_zero_last_source_row_continuous_segment,P21,HV1,1,on_ramp,P21_HV1_1,P21_HV1.1.asc,HV1,60,initiator_active,3465,1,57750.01,57750.0064,1.0,1.0,24.234843,87.245435,149.0,102.102233,-1400.171872,0.225932,1.397095,0.0,24.24024,-0.10698,0.0,1400.174281,-33.534289,6.250526,1.0,0.0,0.0,0.0,1427.836578,-38.347925,1021.0,5006.0,0.0,148.0,-0.557481,35.696511,128.507439,35.69651,-0.004878,7.1e-05,0.320565,-0.155637,2.3e-05,0.049141,0.40475,0.002198,0.0,0.0,0.0,0.0,-9999.0,-9999.0,-9999.0,-9999.0,-9999.0,-9999.0,-9999.0,-9999.0,-9999.0,-9999.0,-9999.0,-9999.0,-9999.0,-9999.0
P21_HV1_1_interaction,active_and_state_lat_and_long_zero_last_source_row_continuous_segment,P21,HV1,1,on_ramp,P21_HV1_1,P21_HV1.1.asc,HV1,60,initiator_active,3466,1,57766.67,57766.668,1.0,1.0,24.23844,87.258383,149.0,102.505544,-1400.575798,0.21842,1.374812,0.0,24.243898,-0.107256,0.0,1400.578037,-33.548973,6.251493,1.0,0.0,0.0,0.0,1428.431494,-38.350167,1021.0,5006.0,0.0,148.0,-0.557177,35.701638,128.525896,35.701638,-0.002121,7.1e-05,0.301901,-0.171196,-3.8e-05,0.052752,0.4035,0.0,0.0,0.0,0.0,0.0,-9999.0,-9999.0,-9999.0,-9999.0,-9999.0,-9999.0,-9999.0,-9999.0,-9999.0,-9999.0,-9999.0,-9999.0,-9999.0,-9999.0
P21_HV1_1_interaction,active_and_state_lat_and_long_zero_last_source_row_continuous_segment,P21,HV1,1,on_ramp,P21_HV1_1,P21_HV1.1.asc,HV1,60,initiator_active,3467,1,57783.33,57783.3342,1.0,1.0,24.242074,87.271465,149.0,102.908924,-1400.97979,0.222725,1.350083,0.0,24.247414,-0.107458,0.0,1400.981868,-33.563278,6.252443,1.0,0.0,0.0,0.0,1429.026495,-38.352452,1021.0,5006.0,0.0,148.0,-0.556859,35.706858,128.544689,35.706858,0.000568,6.9e-05,0.31596,-0.185264,-0.000152,0.055735,0.4035,0.0,0.0,0.0,0.0,0.0,-9999.0,-9999.0,-9999.0,-9999.0,-9999.0,-9999.0,-9999.0,-9999.0,-9999.0,-9999.0,-9999.0,-9999.0,-9999.0,-9999.0
P21_HV1_1_interaction,active_and_state_lat_and_long_zero_last_source_row_continuous_segment,P21,HV1,1,on_ramp,P21_HV1_1,P21_HV1.1.asc,HV1,60,initiator_active,3468,1,57800.0,57800.0001,1.0,1.0,24.24567,87.284412,149.0,103.312376,-1401.383847,0.229963,1.323459,0.0,24.251082,-0.107596,0.0,1401.38577,-33.577211,6.253372,1.0,0.0,0.0,0.0,1429.621583,-38.354785,1021.0,5006.0,0.0,148.0,-0.556531,35.712104,128.563573,35.712104,0.003267,6.5e-05,0.313383,-0.192893,-0.000256,0.055735,0.4035,0.0,0.0,0.0,0.0,0.0,-9999.0,-9999.0,-9999.0,-9999.0,-9999.0,-9999.0,-9999.0,-9999.0,-9999.0,-9999.0,-9999.0,-9999.0,-9999.0,-9999.0
P21_HV1_1_interaction,active_and_state_lat_and_long_zero_last_source_row_continuous_segment,P21,HV1,1,on_ramp,P21_HV1_1,P21_HV1.1.asc,HV1,60,initiator_active,3469,1,57816.67,57816.6678,1.0,1.0,24.249223,87.297202,149.0,103.715895,-1401.787967,0.226871,1.296414,0.0,24.254789,-0.107651,0.0,1401.789746,-33.590779,6.254278,1.0,0.0,0.0,0.0,1430.216758,-38.357167,1021.0,5006.0,0.0,148.0,-0.556195,35.71726,128.582137,35.71726,0.005925,6.1e-05,0.306778,-0.210764,-0.000295,0.060602,0.39725,0.0,0.0,0.0,0.0,0.0,-9999.0,-9999.0,-9999.0,-9999.0,-9999.0,-9999.0,-9999.0,-9999.0,-9999.0,-9999.0,-9999.0,-9999.0,-9999.0,-9999.0
P21_HV1_1_interaction,active_and_state_lat_and_long_zero_last_source_row_continuous_segment,P21,HV1,1,on_ramp,P21_HV1_1,P21_HV1.1.asc,HV1,60,initiator_active,3470,1,57833.33,57833.3342,1.0,1.0,24.252952,87.310627,149.0,104.119485,-1402.192153,0.222809,1.26521,0.0,24.258466,-0.107558,0.0,1402.193796,-33.60399,6.25516,1.0,0.0,0.0,0.0,1430.812019,-38.359604,1021.0,5006.0,0.0,148.0,-0.555854,35.722332,128.600395,35.722331,0.008641,5.6e-05,0.302654,-0.218287,-0.00031,0.060602,0.39725,0.0,0.0,0.0,0.0,0.0,-9999.0,-9999.0,-9999.0,-9999.0,-9999.0,-9999.0,-9999.0,-9999.0,-9999.0,-9999.0,-9999.0,-9999.0,-9999.0,-9999.0
P21_HV1_1_interaction,active_and_state_lat_and_long_zero_last_source_row_continuous_segment,P21,HV1,1,on_ramp,P21_HV1_1,P21_HV1.1.asc,HV1,60,initiator_active,3471,1,57850.0,57850.0009,1.0,1.0,24.256634,87.323883,149.0,104.523144,-1402.596403,0.226525,1.238205,0.0,24.262089,-0.107325,0.0,1402.597918,-33.616853,6.256015,1.0,0.0,0.0,0.0,1431.407364,-38.362098,1021.0,5006.0,0.0,148.0,-0.555512,35.727336,128.618411,35.727335,0.011401,5e-05,0.299192,-0.230217,-0.000314,0.062643,0.39225,0.0,0.0,0.0,0.0,0.0,-9999.0,-9999.0,-9999.0,-9999.0,-9999.0,-9999.0,-9999.0,-9999.0,-9999.0,-9999.0,-9999.0,-9999.0,-9999.0,-9999.0
P21_HV1_1_interaction,active_and_state_lat_and_long_zero_last_source_row_continuous_segment,P21,HV1,1,on_ramp,P21_HV1_1,P21_HV1.1.asc,HV1,60,initiator_active,3472,1,57866.67,57866.6669,1.0,1.0,24.260279,87.337004,149.0,104.926872,-1403.000717,0.223269,1.210377,0.0,24.265772,-0.106889,0.0,1403.002111,-33.629375,6.256842,1.0,0.0,0.0,0.0,1432.002792,-38.364651,1021.0,5006.0,0.0,148.0,-0.55517,35.732301,128.636283,35.732298,0.014239,4.5e-05,0.297224,-0.237882,-0.000321,0.062329,0.3905,0.0,0.0,0.0,0.0,0.0,-9999.0,-9999.0,-9999.0,-9999.0,-9999.0,-9999.0,-9999.0,-9999.0,-9999.0,-9999.0,-9999.0,-9999.0,-9999.0,-9999.0
P21_HV1_1_interaction,active_and_state_lat_and_long_zero_last_source_row_continuous_segment,P21,HV1,1,on_ramp,P21_HV1_1,P21_HV1.1.asc,HV1,60,initiator_active,3473,1,57883.33,57883.3336,1.0,1.0,24.263934,87.350163,149.0,105.330667,-1403.405094,0.229703,1.178287,0.0,24.269442,-0.106213,0.0,1403.406376,-33.641565,6.257641,1.0,0.0,0.0,0.0,1432.598303,-38.367267,1021.0,5006.0,0.0,148.0,-0.55483,35.737243,128.654075,35.737239,0.017154,4e-05,0.296389,-0.245449,-0.000328,0.061544,0.3905,0.0,0.0,0.0,0.0,0.0,-9999.0,-9999.0,-9999.0,-9999.0,-9999.0,-9999.0,-9999.0,-9999.0,-9999.0,-9999.0,-9999.0,-9999.0,-9999.0,-9999.0
P21_HV1_1_interaction,active_and_state_lat_and_long_zero_last_source_row_continuous_segment,P21,HV1,1,on_ramp,P21_HV1_1,P21_HV1.1.asc,HV1,60,initiator_active,3474,1,57900.0,57900.0001,1.0,1.0,24.267592,87.36333,149.0,105.734529,-1403.809535,0.219271,1.154681,0.0,24.273163,-0.105326,0.0,1403.810712,-33.653431,6.25841,1.0,0.0,0.0,0.0,1433.193896,-38.369948,1021.0,5006.0,0.0,160.0,-0.55453,35.742177,128.671837,35.742171,0.02014,3.4e-05,0.295965,-0.250683,-0.000333,0.060288,0.39025,0.0,0.0,0.0,0.0,0.0,-9999.0,-9999.0,-9999.0,-9999.0,-9999.0,-9999.0,-9999.0,-9999.0,-9999.0,-9999.0,-9999.0,-9999.0,-9999.0,-9999.0
P21_HV1_1_interaction,active_and_state_lat_and_long_zero_last_source_row_continuous_segment,P21,HV1,1,on_ramp,P21_HV1_1,P21_HV1.1.asc,HV1,60,initiator_active,3475,1,57916.67,57916.6667,1.0,1.0,24.271317,87.37674,149.0,106.138459,-1404.214039,0.226371,1.122401,0.0,24.276749,-0.104173,0.0,1404.215118,-33.66498,6.259149,1.0,0.0,0.0,0.0,1433.789571,-38.372697,1021.0,5006.0,0.0,160.0,-0.554294,35.747095,128.689541,35.747087,0.023194,2.9e-05,0.294718,-0.255315,-0.000328,0.058718,0.39025,0.002198,0.0,0.0,0.0,0.0,-9999.0,-9999.0,-9999.0,-9999.0,-9999.0,-9999.0,-9999.0,-9999.0,-9999.0,-9999.0,-9999.0,-9999.0,-9999.0,-9999.0
P21_HV1_1_interaction,active_and_state_lat_and_long_zero_last_source_row_continuous_segment,P21,HV1,1,on_ramp,P21_HV1_1,P21_HV1.1.asc,HV1,60,initiator_active,3476,1,57933.33,57933.3335,1.0,1.0,24.274953,87.389832,149.0,106.542455,-1404.618606,0.230486,1.096661,0.0,24.280481,-0.10278,0.0,1404.619593,-33.67622,6.259857,1.0,0.0,0.0,0.0,1434.385327,-38.375514,1021.0,5006.0,0.0,160.0,-0.554146,35.751736,128.706249,35.751726,0.026277,2.4e-05,0.272821,-0.260935,-0.000278,0.057619,0.39,0.0,0.0,0.0,0.0,0.0,-9999.0,-9999.0,-9999.0,-9999.0,-9999.0,-9999.0,-9999.0,-9999.0,-9999.0,-9999.0,-9999.0,-9999.0,-9999.0,-9999.0
P21_HV1_1_interaction,active_and_state_lat_and_long_zero_last_source_row_continuous_segment,P21,HV1,1,on_ramp,P21_HV1_1,P21_HV1.1.asc,HV1,60,initiator_active,3477,1,57950.0,57950.001,1.0,1.0,24.2786,87.40296,149.0,106.946516,-1405.023235,0.22722,1.068254,0.0,24.284222,-0.101117,0.0,1405.024139,-33.687161,6.260536,1.0,0.0,0.0,0.0,1434.981161,-38.378403,1021.0,5006.0,0.0,160.0,-0.554088,35.756502,128.723408,35.75649,0.029341,1.9e-05,0.290651,-0.267567,-0.00027,0.056991,0.39,0.0,0.0,0.0,0.0,0.0,-9999.0,-9999.0,-9999.0,-9999.0,-9999.0,-9999.0,-9999.0,-9999.0,-9999.0,-9999.0,-9999.0,-9999.0,-9999.0,-9999.0
P21_HV1_1_interaction,active_and_state_lat_and_long_zero_last_source_row_continuous_segment,P21,HV1,1,on_ramp,P21_HV1_1,P21_HV1.1.asc,HV1,60,initiator_active,3478,1,57966.67,57966.6675,1.0,1.0,24.282369,87.416527,149.0,107.350644,-1405.427926,0.223054,1.038957,0.0,24.287933,-0.099217,0.0,1405.428755,-33.697808,6.261186,1.0,0.0,0.0,0.0,1435.577074,-38.381364,1021.0,5006.0,0.0,160.0,-0.554122,35.761347,128.74085,35.761333,0.032353,1.5e-05,0.29015,-0.274689,-0.000291,0.056677,0.38825,0.0,0.0,0.0,0.0,0.0,-9999.0,-9999.0,-9999.0,-9999.0,-9999.0,-9999.0,-9999.0,-9999.0,-9999.0,-9999.0,-9999.0,-9999.0,-9999.0,-9999.0
P21_HV1_1_interaction,active_and_state_lat_and_long_zero_last_source_row_continuous_segment,P21,HV1,1,on_ramp,P21_HV1_1,P21_HV1.1.asc,HV1,60,initiator_active,3479,1,57983.33,57983.3343,1.0,1.0,24.286084,87.429903,149.0,107.754837,-1405.832681,0.058217,1.011139,0.0,24.290789,-0.097101,0.0,1405.83344,-33.708169,6.261808,1.0,0.0,0.0,0.0,1436.173067,-38.384401,1021.0,5006.0,0.0,160.0,-0.554249,35.766122,128.758038,35.766104,0.035287,1e-05,0.284506,-0.282267,-0.00028,0.056677,0.38825,0.0,0.0,0.0,0.0,0.0,-9999.0,-9999.0,-9999.0,-9999.0,-9999.0,-9999.0,-9999.0,-9999.0,-9999.0,-9999.0,-9999.0,-9999.0,-9999.0,-9999.0
P21_HV1_1_interaction,active_and_state_lat_and_long_zero_last_source_row_continuous_segment,P21,HV1,1,on_ramp,P21_HV1_1,P21_HV1.1.asc,HV1,60,initiator_active,3480,1,58000.0,58000.0006,1.0,1.0,24.289762,87.443143,149.0,108.159096,-1406.237498,0.287391,0.987963,0.0,24.292402,-0.094784,0.0,1406.238167,-33.718252,6.262403,1.0,0.0,0.0,0.0,1436.76914,-38.387515,1021.0,5006.0,0.0,160.0,-0.554473,35.770825,128.774969,35.770804,0.038128,5e-06,0.281102,-0.289603,-0.000243,0.056834,0.386,0.0,0.0,0.0,0.0,0.0,-9999.0,-9999.0,-9999.0,-9999.0,-9999.0,-9999.0,-9999.0,-9999.0,-9999.0,-9999.0,-9999.0,-9999.0,-9999.0,-9999.0
P21_HV1_1_interaction,active_and_state_lat_and_long_zero_last_source_row_continuous_segment,P21,HV1,1,on_ramp,P21_HV1_1,P21_HV1.1.asc,HV1,60,initiator_active,3481,1,58016.67,58016.6678,1.0,1.0,24.291247,87.448488,149.0,108.563393,-1406.642351,0.238507,0.965827,0.0,24.297087,-0.092295,0.0,1406.642944,-33.728062,6.262973,1.0,0.0,0.0,0.0,1437.36529,-38.390709,1021.0,5006.0,0.0,160.0,-0.554793,35.775449,128.791616,35.775425,0.040871,2e-06,0.275504,-0.296661,-0.000208,0.056991,0.386,0.0,0.0,0.0,0.0,0.0,-9999.0,-9999.0,-9999.0,-9999.0,-9999.0,-9999.0,-9999.0,-9999.0,-9999.0,-9999.0,-9999.0,-9999.0,-9999.0,-9999.0
P21_HV1_1_interaction,active_and_state_lat_and_long_zero_last_source_row_continuous_segment,P21,HV1,1,on_ramp,P21_HV1_1,P21_HV1.1.asc,HV1,60,initiator_active,3482,1,58033.33,58033.3343,1.0,1.0,24.294771,87.461174,149.0,108.967736,-1407.047247,0.225605,0.947461,0.0,24.30093,-0.089561,0.0,1407.047802,-33.737608,6.26352,1.0,0.0,0.0,0.0,1437.961517,-38.393985,1021.0,5006.0,0.0,160.0,-0.555213,35.779988,128.807958,35.779962,0.043511,-1e-06,0.271047,-0.303428,-0.000183,0.056834,0.386,0.0,0.0,0.0,0.0,0.0,-9999.0,-9999.0,-9999.0,-9999.0,-9999.0,-9999.0,-9999.0,-9999.0,-9999.0,-9999.0,-9999.0,-9999.0,-9999.0,-9999.0
P21_HV1_1_interaction,active_and_state_lat_and_long_zero_last_source_row_continuous_segment,P21,HV1,1,on_ramp,P21_HV1_1,P21_HV1.1.asc,HV1,60,initiator_active,3483,1,58050.0,58050.0007,1.0,1.0,24.299051,87.476582,149.0,109.372155,-1407.452217,0.22482,0.927431,0.0,24.30464,-0.086688,0.0,1407.452729,-33.746894,6.264047,1.0,0.0,0.0,0.0,1438.55782,-38.397344,1021.0,5006.0,0.0,160.0,-0.555733,35.784476,128.824114,35.784447,0.046045,-4e-06,0.268987,-0.309902,-0.000172,0.056834,0.3795,0.0,0.0,0.0,0.0,0.0,-9999.0,-9999.0,-9999.0,-9999.0,-9999.0,-9999.0,-9999.0,-9999.0,-9999.0,-9999.0,-9999.0,-9999.0,-9999.0,-9999.0
P21_HV1_1_interaction,active_and_state_lat_and_long_zero_last_source_row_continuous_segment,P21,HV1,1,on_ramp,P21_HV1_1,P21_HV1.1.asc,HV1,60,initiator_active,3484,1,58066.67,58066.6677,1.0,1.0,24.302788,87.490035,149.0,109.77664,-1407.857251,0.228814,0.904966,0.0,24.308346,-0.083728,0.0,1407.857724,-33.755924,6.264556,1.0,0.0,0.0,0.0,1439.154197,-38.40079,1021.0,5006.0,0.0,160.0,-0.556356,35.788942,128.84019,35.788909,0.04847,-7e-06,0.267996,-0.316076,-0.000171,0.056834,0.347,0.002198,0.0,0.0,0.0,0.0,-9999.0,-9999.0,-9999.0,-9999.0,-9999.0,-9999.0,-9999.0,-9999.0,-9999.0,-9999.0,-9999.0,-9999.0,-9999.0,-9999.0
P21_HV1_1_interaction,active_and_state_lat_and_long_zero_last_source_row_continuous_segment,P21,HV1,1,on_ramp,P21_HV1_1,P21_HV1.1.asc,HV1,60,initiator_active,3485,1,58083.33,58083.3343,1.0,1.0,24.306493,87.503374,149.0,110.181188,-1408.262345,0.23197,0.881976,0.0,24.312144,-0.080753,0.0,1408.262785,-33.764705,6.26505,1.0,0.0,0.0,0.0,1439.750647,-38.404322,1021.0,5006.0,0.0,160.0,-0.557083,35.793145,128.855323,35.793109,0.050783,-9e-06,0.247413,-0.321918,-0.000138,0.056834,0.347,0.002198,0.0,0.0,0.0,0.0,-9999.0,-9999.0,-9999.0,-9999.0,-9999.0,-9999.0,-9999.0,-9999.0,-9999.0,-9999.0,-9999.0,-9999.0,-9999.0,-9999.0
P21_HV1_1_interaction,active_and_state_lat_and_long_zero_last_source_row_continuous_segment,P21,HV1,1,on_ramp,P21_HV1_1,P21_HV1.1.asc,HV1,60,initiator_active,3486,1,58100.0,58100.0007,1.0,1.0,24.310233,87.516839,149.0,110.585799,-1408.667501,0.227365,0.857525,0.0,24.315972,-0.077843,0.0,1408.667916,-33.773241,6.265531,1.0,0.0,0.0,0.0,1440.347167,-38.407945,1021.0,5006.0,0.0,160.0,-0.557915,35.797329,128.870386,35.79729,0.052984,-1.2e-05,0.261368,-0.327526,-0.000182,0.056834,0.28425,0.0,0.0,0.0,0.0,0.0,-9999.0,-9999.0,-9999.0,-9999.0,-9999.0,-9999.0,-9999.0,-9999.0,-9999.0,-9999.0,-9999.0,-9999.0,-9999.0,-9999.0
P21_HV1_1_interaction,active_and_state_lat_and_long_zero_last_source_row_continuous_segment,P21,HV1,1,on_ramp,P21_HV1_1,P21_HV1.1.asc,HV1,60,initiator_active,3487,1,58116.67,58116.6695,1.0,1.0,24.314059,87.530612,149.0,110.990474,-1409.07272,0.18365,0.834951,0.0,24.319235,-0.075047,0.0,1409.073115,-33.781539,6.266001,1.0,0.0,0.0,0.0,1440.943758,-38.411658,1021.0,5006.0,0.0,160.0,-0.558854,35.801742,128.886272,35.8017,0.055071,-1.5e-05,0.266156,-0.332821,-0.000198,0.056677,0.2255,0.0,0.0,0.0,0.0,0.0,-9999.0,-9999.0,-9999.0,-9999.0,-9999.0,-9999.0,-9999.0,-9999.0,-9999.0,-9999.0,-9999.0,-9999.0,-9999.0,-9999.0
P21_HV1_1_interaction,active_and_state_lat_and_long_zero_last_source_row_continuous_segment,P21,HV1,1,on_ramp,P21_HV1_1,P21_HV1.1.asc,HV1,60,initiator_active,3488,1,58133.33,58133.3334,1.0,1.0,24.317849,87.544257,149.0,111.395214,-1409.478001,0.226308,0.809821,0.0,24.322552,-0.072379,0.0,1409.478369,-33.789605,6.26646,1.0,0.0,0.0,0.0,1441.54042,-38.415464,1021.0,5006.0,0.0,160.0,-0.559901,35.80616,128.902176,35.806115,0.057052,-1.9e-05,0.264976,-0.336835,-0.000242,0.056206,0.21275,0.0,0.0,0.0,0.0,0.0,-9999.0,-9999.0,-9999.0,-9999.0,-9999.0,-9999.0,-9999.0,-9999.0,-9999.0,-9999.0,-9999.0,-9999.0,-9999.0,-9999.0
P21_HV1_1_interaction,active_and_state_lat_and_long_zero_last_source_row_continuous_segment,P21,HV1,1,on_ramp,P21_HV1_1,P21_HV1.1.asc,HV1,60,initiator_active,3489,1,58150.0,58150.0006,1.0,1.0,24.320749,87.554697,149.0,111.800006,-1409.883332,0.229389,0.786806,0.0,24.326334,-0.069903,0.0,1409.883686,-33.797445,6.266909,1.0,0.0,0.0,0.0,1442.137156,-38.419365,1021.0,5006.0,0.0,160.0,-0.561057,35.810558,128.918007,35.810509,0.058946,-2.3e-05,0.264147,-0.337933,-0.000234,0.054479,0.21525,0.0,0.0,0.0,0.0,0.0,-9999.0,-9999.0,-9999.0,-9999.0,-9999.0,-9999.0,-9999.0,-9999.0,-9999.0,-9999.0,-9999.0,-9999.0,-9999.0,-9999.0
P21_HV1_1_interaction,active_and_state_lat_and_long_zero_last_source_row_continuous_segment,P21,HV1,1,on_ramp,P21_HV1_1,P21_HV1.1.asc,HV1,60,initiator_active,3490,1,58166.67,58166.6678,1.0,1.0,24.324422,87.567921,149.0,112.204855,-1410.288721,0.228978,0.762649,0.0,24.330101,-0.06763,0.0,1410.289071,-33.805066,6.26735,1.0,0.0,0.0,0.0,1442.733964,-38.42336,1021.0,5006.0,0.0,160.0,-0.562323,35.81493,128.933746,35.814878,0.060767,-2.6e-05,0.261851,-0.337782,-0.0002,0.052281,0.23125,0.0,0.0,0.0,0.0,0.0,-9999.0,-9999.0,-9999.0,-9999.0,-9999.0,-9999.0,-9999.0,-9999.0,-9999.0,-9999.0,-9999.0,-9999.0,-9999.0,-9999.0
P21_HV1_1_interaction,active_and_state_lat_and_long_zero_last_source_row_continuous_segment,P21,HV1,1,on_ramp,P21_HV1_1,P21_HV1.1.asc,HV1,60,initiator_active,3491,1,58183.33,58183.3343,1.0,1.0,24.328231,87.581631,149.0,112.609768,-1410.694172,0.231515,0.738506,0.0,24.33391,-0.06555,0.0,1410.694522,-33.812474,6.267783,1.0,0.0,0.0,0.0,1443.330845,-38.427451,1021.0,5006.0,0.0,160.0,-0.563698,35.819269,128.949368,35.819214,0.06247,-2.9e-05,0.260541,-0.341993,-0.000149,0.052281,0.23125,0.0,0.0,0.0,0.0,0.0,-9999.0,-9999.0,-9999.0,-9999.0,-9999.0,-9999.0,-9999.0,-9999.0,-9999.0,-9999.0,-9999.0,-9999.0,-9999.0,-9999.0
P21_HV1_1_interaction,active_and_state_lat_and_long_zero_last_source_row_continuous_segment,P21,HV1,1,on_ramp,P21_HV1_1,P21_HV1.1.asc,HV1,60,initiator_active,3492,1,58200.0,58200.0006,1.0,1.0,24.331995,87.595183,149.0,113.014743,-1411.099684,0.215408,0.713811,0.0,24.337607,-0.063685,0.0,1411.10004,-33.819677,6.268206,1.0,0.0,0.0,0.0,1443.927797,-38.431638,1021.0,5006.0,0.0,160.0,-0.565184,35.823597,128.96495,35.82354,0.064157,-3.1e-05,0.260204,-0.329024,-0.000122,0.044274,0.26625,0.0,0.0,0.0,0.0,0.0,-9999.0,-9999.0,-9999.0,-9999.0,-9999.0,-9999.0,-9999.0,-9999.0,-9999.0,-9999.0,-9999.0,-9999.0,-9999.0,-9999.0
P21_HV1_1_interaction,active_and_state_lat_and_long_zero_last_source_row_continuous_segment,P21,HV1,1,on_ramp,P21_HV1_1,P21_HV1.1.asc,HV1,60,initiator_active,3493,1,58216.67,58216.6667,1.0,1.0,24.335826,87.608974,149.0,113.419782,-1411.505258,0.215861,0.689182,0.0,24.341229,-0.06196,0.0,1411.505623,-33.826682,6.26862,1.0,0.0,0.0,0.0,1444.524821,-38.435921,1021.0,5006.0,0.0,160.0,-0.566779,35.827869,128.980329,35.827809,0.065759,-3.3e-05,0.253973,-0.321802,-9.1e-05,0.039093,0.30775,0.0,0.0,0.0,0.0,0.0,-9999.0,-9999.0,-9999.0,-9999.0,-9999.0,-9999.0,-9999.0,-9999.0,-9999.0,-9999.0,-9999.0,-9999.0,-9999.0,-9999.0
P21_HV1_1_interaction,active_and_state_lat_and_long_zero_last_source_row_continuous_segment,P21,HV1,1,on_ramp,P21_HV1_1,P21_HV1.1.asc,HV1,60,initiator_active,3494,1,58233.33,58233.3343,1.0,1.0,24.339389,87.621802,149.0,113.82488,-1411.910892,0.230028,0.668717,0.0,24.344857,-0.060393,0.0,1411.911269,-33.833494,6.269024,1.0,0.0,0.0,0.0,1445.121915,-38.440299,1021.0,5006.0,0.0,160.0,-0.568481,35.831781,128.994413,35.831718,0.067235,-3.4e-05,0.219623,-0.311838,-7.2e-05,0.032813,0.34225,0.0,0.0,0.0,0.0,0.0,-9999.0,-9999.0,-9999.0,-9999.0,-9999.0,-9999.0,-9999.0,-9999.0,-9999.0,-9999.0,-9999.0,-9999.0,-9999.0,-9999.0
P21_HV1_1_interaction,active_and_state_lat_and_long_zero_last_source_row_continuous_segment,P21,HV1,1,on_ramp,P21_HV1_1,P21_HV1.1.asc,HV1,60,initiator_active,3495,1,58250.0,58250.0038,1.0,1.0,24.343015,87.634856,149.0,114.230037,-1412.316585,0.22433,0.648839,0.0,24.348646,-0.058913,0.0,1412.316979,-33.840122,6.269417,1.0,0.0,0.0,0.0,1445.719073,-38.44477,1021.0,5006.0,0.0,160.0,-0.57029,35.835201,129.006723,35.835135,0.06855,-3.5e-05,0.199192,-0.299699,-0.000122,0.025748,0.35725,0.0,0.0,0.0,0.0,0.0,-9999.0,-9999.0,-9999.0,-9999.0,-9999.0,-9999.0,-9999.0,-9999.0,-9999.0,-9999.0,-9999.0,-9999.0,-9999.0,-9999.0
P21_HV1_1_interaction,active_and_state_lat_and_long_zero_last_source_row_continuous_segment,P21,HV1,1,on_ramp,P21_HV1_1,P21_HV1.1.asc,HV1,60,initiator_active,3496,1,58266.67,58266.6667,1.0,1.0,24.346762,87.648344,149.0,114.635255,-1412.722338,0.223253,0.627132,0.0,24.352357,-0.057547,0.0,1412.722755,-33.846569,6.2698,1.0,0.0,0.0,0.0,1446.316287,-38.449332,1021.0,5006.0,0.0,160.0,-0.572202,35.83792,129.016513,35.837852,0.069648,-4e-05,0.13367,-0.287488,-0.000422,0.018997,0.3575,0.0,0.0,0.0,0.0,0.0,-9999.0,-9999.0,-9999.0,-9999.0,-9999.0,-9999.0,-9999.0,-9999.0,-9999.0,-9999.0,-9999.0,-9999.0,-9999.0,-9999.0
P21_HV1_1_interaction,active_and_state_lat_and_long_zero_last_source_row_continuous_segment,P21,HV1,1,on_ramp,P21_HV1_1,P21_HV1.1.asc,HV1,60,initiator_active,3497,1,58283.33,58283.3335,1.0,1.0,24.350505,87.661817,149.0,115.040534,-1413.128152,0.229977,0.60627,0.0,24.35609,-0.05622,0.0,1413.128595,-33.852842,6.270171,1.0,0.0,0.0,0.0,1446.913546,-38.453982,1021.0,5006.0,0.0,160.0,-0.574215,35.839218,129.021186,35.839149,0.070454,-5.3e-05,0.039842,-0.274999,-0.001106,0.01256,0.3575,0.0,0.0,0.0,0.0,0.0,-9999.0,-9999.0,-9999.0,-9999.0,-9999.0,-9999.0,-9999.0,-9999.0,-9999.0,-9999.0,-9999.0,-9999.0,-9999.0,-9999.0
P21_HV1_1_interaction,active_and_state_lat_and_long_zero_last_source_row_continuous_segment,P21,HV1,1,on_ramp,P21_HV1_1,P21_HV1.1.asc,HV1,60,initiator_active,3498,1,58300.01,58300.0126,1.0,1.0,24.354207,87.675145,149.0,115.445873,-1413.534026,0.231812,0.585193,0.0,24.359973,-0.05498,0.0,1413.534501,-33.858948,6.270531,1.0,0.0,0.0,0.0,1447.510826,-38.458719,1021.0,5006.0,0.0,160.0,-0.576325,35.839229,129.021224,35.839159,0.070907,-8.3e-05,-0.019829,-0.262352,-0.002229,0.006594,0.34775,0.0,0.0,0.0,0.0,0.0,-9999.0,-9999.0,-9999.0,-9999.0,-9999.0,-9999.0,-9999.0,-9999.0,-9999.0,-9999.0,-9999.0,-9999.0,-9999.0,-9999.0
P21_HV1_1_interaction,active_and_state_lat_and_long_zero_last_source_row_continuous_segment,P21,HV1,1,on_ramp,P21_HV1_1,P21_HV1.1.asc,HV1,60,initiator_active,3499,1,58316.67,58316.6716,1.0,1.0,24.357997,87.688788,149.0,115.851273,-1413.939961,0.221874,0.568553,0.0,24.363751,-0.053758,0.0,1413.940474,-33.864892,6.270878,1.0,0.0,0.0,0.0,1448.108109,-38.463539,1021.0,5006.0,0.0,160.0,-0.578531,35.838641,129.019107,35.838571,0.070949,-0.000133,-0.041259,-0.250669,-0.003606,0.001727,0.2985,0.0,0.0,0.0,0.0,0.0,-9999.0,-9999.0,-9999.0,-9999.0,-9999.0,-9999.0,-9999.0,-9999.0,-9999.0,-9999.0,-9999.0,-9999.0,-9999.0,-9999.0
P21_HV1_1_interaction,active_and_state_lat_and_long_zero_last_source_row_continuous_segment,P21,HV1,1,on_ramp,P21_HV1_1,P21_HV1.1.asc,HV1,60,initiator_active,3500,1,58333.34,58333.3381,1.0,1.0,24.361896,87.702824,149.0,116.256736,-1414.34596,0.221895,0.548488,0.0,24.36743,-0.052514,0.0,1414.346511,-33.870678,6.271213,1.0,0.0,0.0,0.0,1448.705384,-38.468439,1021.0,5006.0,0.0,160.0,-0.580828,35.838,129.0168,35.837931,0.070482,-0.000207,-0.032981,-0.247698,-0.004886,0.001727,0.2985,0.0,0.0,0.0,0.0,0.0,-9999.0,-9999.0,-9999.0,-9999.0,-9999.0,-9999.0,-9999.0,-9999.0,-9999.0,-9999.0,-9999.0,-9999.0,-9999.0,-9999.0
P21_HV1_1_interaction,active_and_state_lat_and_long_zero_last_source_row_continuous_segment,P21,HV1,1,on_ramp,P21_HV1_1,P21_HV1.1.asc,HV1,60,initiator_active,3501,1,58350.0,58350.0002,1.0,1.0,24.365591,87.716128,149.0,116.662259,-1414.75202,0.222148,0.535169,0.0,24.371114,-0.051254,0.0,1414.752612,-33.876313,6.271534,1.0,0.0,0.0,0.0,1449.302647,-38.473417,1021.0,5006.0,0.0,160.0,-0.583214,35.837525,129.015091,35.837458,0.069627,-0.000297,-0.025652,-0.223997,-0.005689,-0.007536,0.129,0.0,0.0,0.0,0.0,0.0,-9999.0,-9999.0,-9999.0,-9999.0,-9999.0,-9999.0,-9999.0,-9999.0,-9999.0,-9999.0,-9999.0,-9999.0,-9999.0,-9999.0
P21_HV1_1_interaction,active_and_state_lat_and_long_zero_last_source_row_continuous_segment,P21,HV1,1,on_ramp,P21_HV1_1,P21_HV1.1.asc,HV1,60,initiator_active,3502,1,58366.67,58366.6672,1.0,1.0,24.369271,87.729377,149.0,117.067841,-1415.158139,0.223337,0.517063,0.0,24.374769,-0.049971,0.0,1415.158776,-33.881801,6.271843,1.0,0.0,0.0,0.0,1449.899903,-38.478469,1021.0,5006.0,0.0,160.0,-0.585684,35.837402,129.014648,35.837337,0.068272,-0.000394,0.009347,-0.21847,-0.005843,-0.007536,0.129,0.0,0.0,0.0,0.0,0.0,-9999.0,-9999.0,-9999.0,-9999.0,-9999.0,-9999.0,-9999.0,-9999.0,-9999.0,-9999.0,-9999.0,-9999.0,-9999.0,-9999.0
P21_HV1_1_interaction,active_and_state_lat_and_long_zero_last_source_row_continuous_segment,P21,HV1,1,on_ramp,P21_HV1_1,P21_HV1.1.asc,HV1,60,initiator_active,3503,1,58383.33,58383.3338,1.0,1.0,24.372958,87.742647,149.0,117.473482,-1415.564318,0.225636,0.499528,0.0,24.378521,-0.048679,0.0,1415.565003,-33.887146,6.27214,1.0,0.0,0.0,0.0,1450.497156,-38.483591,1021.0,5006.0,0.0,160.0,-0.588235,35.838046,129.016965,35.837984,0.066477,-0.000486,0.054314,-0.201277,-0.00516,-0.01256,0.031,0.002198,0.0,0.0,0.0,0.0,-9999.0,-9999.0,-9999.0,-9999.0,-9999.0,-9999.0,-9999.0,-9999.0,-9999.0,-9999.0,-9999.0,-9999.0,-9999.0,-9999.0
P21_HV1_1_interaction,active_and_state_lat_and_long_zero_last_source_row_continuous_segment,P21,HV1,1,on_ramp,P21_HV1_1,P21_HV1.1.asc,HV1,60,initiator_active,3504,1,58400.0,58400.0001,1.0,1.0,24.376623,87.755842,149.0,117.879182,-1415.970557,0.228768,0.483789,0.0,24.382277,-0.047356,0.0,1415.971295,-33.892353,6.272425,1.0,0.0,0.0,0.0,1451.094419,-38.48878,1021.0,5006.0,0.0,160.0,-0.590863,35.839617,129.02262,35.839559,0.064276,-0.000559,0.129917,-0.176648,-0.003852,-0.020724,0.0,0.0,0.0,0.0,0.0,0.0,-9999.0,-9999.0,-9999.0,-9999.0,-9999.0,-9999.0,-9999.0,-9999.0,-9999.0,-9999.0,-9999.0,-9999.0,-9999.0,-9999.0
P21_HV1_1_interaction,active_and_state_lat_and_long_zero_last_source_row_continuous_segment,P21,HV1,1,on_ramp,P21_HV1_1,P21_HV1.1.asc,HV1,60,initiator_active,3505,1,58416.67,58416.6674,1.0,1.0,24.380395,87.769422,149.0,118.284942,-1416.376856,0.214112,0.468687,0.0,24.386047,-0.046013,0.0,1416.377651,-33.897427,6.272698,1.0,0.0,0.0,0.0,1451.691708,-38.494032,1021.0,5006.0,0.0,160.0,-0.593562,35.842334,129.032401,35.842281,0.06163,-0.000604,0.181847,-0.158453,-0.001873,-0.025434,0.0,0.0,0.0,0.0,0.0,0.0,-9999.0,-9999.0,-9999.0,-9999.0,-9999.0,-9999.0,-9999.0,-9999.0,-9999.0,-9999.0,-9999.0,-9999.0,-9999.0,-9999.0
P21_HV1_1_interaction,active_and_state_lat_and_long_zero_last_source_row_continuous_segment,P21,HV1,1,on_ramp,P21_HV1_1,P21_HV1.1.asc,HV1,60,initiator_active,3506,1,58433.34,58433.3355,1.0,1.0,24.384177,87.783038,149.0,118.690762,-1416.783217,0.215036,0.457456,0.0,24.389552,-0.044608,0.0,1416.78407,-33.902371,6.272959,1.0,0.0,0.0,0.0,1452.289039,-38.499341,1021.0,5006.0,0.0,160.0,-0.596328,35.84562,129.044231,35.845572,0.058543,-0.000614,0.205422,-0.136837,0.000354,-0.0314,0.0,0.0,0.0,0.0,0.0,0.0,-9999.0,-9999.0,-9999.0,-9999.0,-9999.0,-9999.0,-9999.0,-9999.0,-9999.0,-9999.0,-9999.0,-9999.0,-9999.0,-9999.0
P21_HV1_1_interaction,active_and_state_lat_and_long_zero_last_source_row_continuous_segment,P21,HV1,1,on_ramp,P21_HV1_1,P21_HV1.1.asc,HV1,60,initiator_active,3507,1,58450.0,58450.0011,1.0,1.0,24.387826,87.796172,149.0,119.096641,-1417.189639,0.211221,0.444636,0.0,24.393044,-0.04318,0.0,1417.190549,-33.907189,6.27321,1.0,0.0,0.0,0.0,1452.886423,-38.504702,1021.0,5006.0,0.0,160.0,-0.599155,35.849155,129.056959,35.849113,0.055029,-0.000587,0.215924,-0.113445,0.002463,-0.037837,0.0,0.0,0.0,0.0,0.0,0.0,-9999.0,-9999.0,-9999.0,-9999.0,-9999.0,-9999.0,-9999.0,-9999.0,-9999.0,-9999.0,-9999.0,-9999.0,-9999.0,-9999.0
P21_HV1_1_interaction,active_and_state_lat_and_long_zero_last_source_row_continuous_segment,P21,HV1,1,on_ramp,P21_HV1_1,P21_HV1.1.asc,HV1,60,initiator_active,3508,1,58466.67,58466.667,1.0,1.0,24.391338,87.808818,149.0,119.502575,-1417.596117,0.220547,0.43206,0.0,24.396605,-0.041697,0.0,1417.597088,-33.911885,6.273451,1.0,0.0,0.0,0.0,1453.483864,-38.51011,1021.0,5006.0,0.0,160.0,-0.602036,35.852721,129.069796,35.852685,0.051083,-0.000528,0.211196,-0.087895,0.004187,-0.044902,0.0,0.0,0.0,0.0,0.0,0.0,-9999.0,-9999.0,-9999.0,-9999.0,-9999.0,-9999.0,-9999.0,-9999.0,-9999.0,-9999.0,-9999.0,-9999.0,-9999.0,-9999.0
P21_HV1_1_interaction,active_and_state_lat_and_long_zero_last_source_row_continuous_segment,P21,HV1,1,on_ramp,P21_HV1_1,P21_HV1.1.asc,HV1,60,initiator_active,3509,1,58483.33,58483.3341,1.0,1.0,24.394799,87.821278,149.0,119.908565,-1418.002651,0.223433,0.421825,0.0,24.400293,-0.040219,0.0,1418.003688,-33.916462,6.273684,1.0,0.0,0.0,0.0,1454.081363,-38.515559,1021.0,5006.0,0.0,160.0,-0.604966,35.855779,129.080806,35.855749,0.046693,-0.000446,0.159734,-0.061019,0.005225,-0.052124,0.0,0.0,0.0,0.0,0.0,0.0,-9999.0,-9999.0,-9999.0,-9999.0,-9999.0,-9999.0,-9999.0,-9999.0,-9999.0,-9999.0,-9999.0,-9999.0,-9999.0,-9999.0
P21_HV1_1_interaction,active_and_state_lat_and_long_zero_last_source_row_continuous_segment,P21,HV1,1,on_ramp,P21_HV1_1,P21_HV1.1.asc,HV1,60,initiator_active,3510,1,58500.0,58500.0005,1.0,1.0,24.398438,87.834378,149.0,120.314612,-1418.409245,0.225876,0.409948,0.0,24.40404,-0.038735,0.0,1418.410351,-33.920922,6.273909,1.0,0.0,0.0,0.0,1454.678913,-38.521042,1021.0,5006.0,0.0,160.0,-0.607937,35.857943,129.088595,35.857919,0.041827,-0.000356,0.097581,-0.034313,0.005488,-0.058718,0.0,0.0,0.0,0.0,0.0,0.0,-9999.0,-9999.0,-9999.0,-9999.0,-9999.0,-9999.0,-9999.0,-9999.0,-9999.0,-9999.0,-9999.0,-9999.0,-9999.0,-9999.0
P21_HV1_1_interaction,active_and_state_lat_and_long_zero_last_source_row_continuous_segment,P21,HV1,1,on_ramp,P21_HV1_1,P21_HV1.1.asc,HV1,60,initiator_active,3511,1,58516.67,58516.6669,1.0,1.0,24.402151,87.847744,149.0,120.720717,-1418.815898,0.21684,0.400557,0.0,24.407709,-0.037272,0.0,1418.817077,-33.925268,6.274127,1.0,0.0,0.0,0.0,1455.276497,-38.526551,1021.0,5006.0,0.0,160.0,-0.610942,35.857867,129.088321,35.857848,0.036446,-0.00027,-0.074068,-0.007808,0.004749,-0.064527,0.0,0.0,0.0,0.0,0.0,0.0,-9999.0,-9999.0,-9999.0,-9999.0,-9999.0,-9999.0,-9999.0,-9999.0,-9999.0,-9999.0,-9999.0,-9999.0,-9999.0,-9999.0
P21_HV1_1_interaction,active_and_state_lat_and_long_zero_last_source_row_continuous_segment,P21,HV1,1,on_ramp,P21_HV1_1,P21_HV1.1.asc,HV1,60,initiator_active,3512,1,58533.33,58533.3341,1.0,1.0,24.405919,87.861307,149.0,121.126881,-1419.222612,0.226827,0.391223,0.0,24.411356,-0.035816,0.0,1419.223866,-33.929504,6.274339,1.0,0.0,0.0,0.0,1455.87408,-38.532079,1021.0,5006.0,0.0,160.0,-0.613973,35.855493,129.079774,35.85548,0.030517,-0.000208,-0.196322,0.017024,0.002939,-0.068766,0.0,0.0,0.0,0.0,0.0,0.0,-9999.0,-9999.0,-9999.0,-9999.0,-9999.0,-9999.0,-9999.0,-9999.0,-9999.0,-9999.0,-9999.0,-9999.0,-9999.0,-9999.0
P21_HV1_1_interaction,active_and_state_lat_and_long_zero_last_source_row_continuous_segment,P21,HV1,1,on_ramp,P21_HV1_1,P21_HV1.1.asc,HV1,60,initiator_active,3513,1,58550.0,58550.0,1.0,1.0,24.409512,87.874243,149.0,121.533103,-1419.629386,0.211387,0.378035,0.0,24.415121,-0.034404,0.0,1419.630717,-33.933631,6.274547,1.0,0.0,0.0,0.0,1456.471626,-38.53762,1021.0,5006.0,0.0,160.0,-0.617022,35.850876,129.063155,35.850868,0.024012,-0.000186,-0.317853,0.039446,0.00012,-0.070964,0.0,0.002198,0.0,0.0,0.0,0.0,-9999.0,-9999.0,-9999.0,-9999.0,-9999.0,-9999.0,-9999.0,-9999.0,-9999.0,-9999.0,-9999.0,-9999.0,-9999.0,-9999.0
P21_HV1_1_interaction,active_and_state_lat_and_long_zero_last_source_row_continuous_segment,P21,HV1,1,on_ramp,P21_HV1_1,P21_HV1.1.asc,HV1,60,initiator_active,3514,1,58566.67,58566.6667,1.0,1.0,24.413242,87.887672,149.0,121.939382,-1420.036219,0.225373,0.368633,0.0,24.41866,-0.033118,0.0,1420.03763,-33.937653,6.27475,1.0,0.0,0.0,0.0,1457.069099,-38.543164,1021.0,5006.0,0.0,160.0,-0.620083,35.844572,129.040459,35.844568,0.016919,-0.000223,-0.411414,0.059164,-0.003795,-0.070964,0.0,0.0,0.0,0.0,0.0,0.0,-9999.0,-9999.0,-9999.0,-9999.0,-9999.0,-9999.0,-9999.0,-9999.0,-9999.0,-9999.0,-9999.0,-9999.0,-9999.0,-9999.0
P21_HV1_1_interaction,active_and_state_lat_and_long_zero_last_source_row_continuous_segment,P21,HV1,1,on_ramp,P21_HV1_1,P21_HV1.1.asc,HV1,60,initiator_active,3515,1,58583.33,58583.335,1.0,1.0,24.416879,87.900766,149.0,122.345721,-1420.443112,0.222603,0.356211,0.0,24.422448,-0.031893,0.0,1420.444605,-33.941572,6.27495,1.0,0.0,0.0,0.0,1457.666471,-38.548707,1021.0,5006.0,0.0,160.0,-0.623147,35.837566,129.015238,35.837565,0.009288,-0.000326,-0.426576,0.080865,-0.007767,-0.070022,0.0,0.0,0.0,0.0,0.0,0.0,-9999.0,-9999.0,-9999.0,-9999.0,-9999.0,-9999.0,-9999.0,-9999.0,-9999.0,-9999.0,-9999.0,-9999.0,-9999.0,-9999.0
P21_HV1_1_interaction,active_and_state_lat_and_long_zero_last_source_row_continuous_segment,P21,HV1,1,on_ramp,P21_HV1_1,P21_HV1.1.asc,HV1,60,initiator_active,3516,1,58600.0,58600.0007,1.0,1.0,24.420535,87.913926,149.0,122.752115,-1420.850064,0.227966,0.3421,0.0,24.426202,-0.030823,0.0,1420.851643,-33.945392,6.275146,1.0,0.0,0.0,0.0,1458.263728,-38.55424,1021.0,5006.0,0.0,160.0,-0.626208,35.830338,128.989217,35.830338,0.001192,-0.000489,-0.437183,0.100337,-0.010965,-0.068138,0.0,0.0,0.0,0.0,0.0,0.0,-9999.0,-9999.0,-9999.0,-9999.0,-9999.0,-9999.0,-9999.0,-9999.0,-9999.0,-9999.0,-9999.0,-9999.0,-9999.0,-9999.0
P21_HV1_1_interaction,active_and_state_lat_and_long_zero_last_source_row_continuous_segment,P21,HV1,1,on_ramp,P21_HV1_1,P21_HV1.1.asc,HV1,60,initiator_active,3517,1,58616.67,58616.6674,1.0,1.0,24.424301,87.927482,149.0,123.158569,-1421.257078,0.22238,0.328509,0.0,24.429958,-0.029865,0.0,1421.258745,-33.949116,6.275338,1.0,0.0,0.0,0.0,1458.860865,-38.559757,1021.0,5006.0,0.0,160.0,-0.629259,35.823009,128.962832,35.823008,-0.007311,-0.00069,-0.440943,0.118978,-0.012616,-0.065312,0.0,0.0,0.0,0.0,0.0,0.0,-9999.0,-9999.0,-9999.0,-9999.0,-9999.0,-9999.0,-9999.0,-9999.0,-9999.0,-9999.0,-9999.0,-9999.0,-9999.0,-9999.0
P21_HV1_1_interaction,active_and_state_lat_and_long_zero_last_source_row_continuous_segment,P21,HV1,1,on_ramp,P21_HV1_1,P21_HV1.1.asc,HV1,60,initiator_active,3518,1,58633.34,58633.344,1.0,1.0,24.428099,87.941155,149.0,123.565082,-1421.664153,0.214346,0.31393,0.0,24.433658,-0.029018,0.0,1421.665911,-33.952749,6.275525,1.0,0.0,0.0,0.0,1459.457881,-38.565251,1021.0,5006.0,0.0,160.0,-0.632292,35.815645,128.936322,35.815641,-0.016118,-0.000903,-0.442198,0.139204,-0.012698,-0.0628,0.0,0.0,0.0,0.0,0.0,0.0,-9999.0,-9999.0,-9999.0,-9999.0,-9999.0,-9999.0,-9999.0,-9999.0,-9999.0,-9999.0,-9999.0,-9999.0,-9999.0,-9999.0
P21_HV1_1_interaction,active_and_state_lat_and_long_zero_last_source_row_continuous_segment,P21,HV1,1,on_ramp,P21_HV1_1,P21_HV1.1.asc,HV1,60,initiator_active,3519,1,58650.0,58650.0008,1.0,1.0,24.431809,87.954511,149.0,123.971654,-1422.071289,0.221668,0.299569,0.0,24.437245,-0.028313,0.0,1422.073138,-33.956293,6.275708,1.0,0.0,0.0,0.0,1460.054775,-38.570716,1021.0,5006.0,0.0,160.0,-0.6353,35.808269,128.909768,35.80826,-0.025081,-0.001104,-0.442621,0.165253,-0.011501,-0.0628,0.0,0.0,0.0,0.0,0.0,0.0,-9999.0,-9999.0,-9999.0,-9999.0,-9999.0,-9999.0,-9999.0,-9999.0,-9999.0,-9999.0,-9999.0,-9999.0,-9999.0,-9999.0
P21_HV1_1_interaction,active_and_state_lat_and_long_zero_last_source_row_continuous_segment,P21,HV1,1,on_ramp,P21_HV1_1,P21_HV1.1.asc,HV1,60,initiator_active,3520,1,58666.67,58666.6677,1.0,1.0,24.435442,87.96759,149.0,124.378283,-1422.478484,0.216145,0.283937,0.0,24.440911,-0.02774,0.0,1422.480426,-33.959754,6.275886,1.0,0.0,0.0,0.0,1460.651546,-38.576144,1021.0,5006.0,0.0,160.0,-0.638275,35.800889,128.883199,35.800872,-0.03415,-0.001277,-0.44272,0.184095,-0.009439,-0.059346,0.0,0.0,0.0,0.0,0.0,0.0,-9999.0,-9999.0,-9999.0,-9999.0,-9999.0,-9999.0,-9999.0,-9999.0,-9999.0,-9999.0,-9999.0,-9999.0,-9999.0,-9999.0
P21_HV1_1_interaction,active_and_state_lat_and_long_zero_last_source_row_continuous_segment,P21,HV1,1,on_ramp,P21_HV1_1,P21_HV1.1.asc,HV1,60,initiator_active,3521,1,58683.33,58683.3335,1.0,1.0,24.43909,87.980722,149.0,124.784969,-1422.885739,0.218611,0.272918,0.0,24.444538,-0.027219,0.0,1422.887775,-33.963136,6.276056,1.0,0.0,0.0,0.0,1461.248195,-38.581527,1021.0,5006.0,0.0,160.0,-0.641211,35.793506,128.856622,35.79348,-0.043201,-0.001409,-0.442741,0.207473,-0.006894,-0.05809,0.0,0.0,0.0,0.0,0.0,0.0,-9999.0,-9999.0,-9999.0,-9999.0,-9999.0,-9999.0,-9999.0,-9999.0,-9999.0,-9999.0,-9999.0,-9999.0,-9999.0,-9999.0
P21_HV1_1_interaction,active_and_state_lat_and_long_zero_last_source_row_continuous_segment,P21,HV1,1,on_ramp,P21_HV1_1,P21_HV1.1.asc,HV1,60,initiator_active,3522,1,58700.0,58700.0008,1.0,1.0,24.44271,87.993756,149.0,125.191712,-1423.293053,0.222707,0.261606,0.0,24.448191,-0.0267,0.0,1423.295186,-33.966442,6.276219,1.0,0.0,0.0,0.0,1461.844721,-38.58686,1021.0,5006.0,0.0,160.0,-0.6441,35.786122,128.830041,35.786084,-0.052152,-0.001497,-0.442733,0.232049,-0.004197,-0.057619,0.0,0.0,0.0,0.0,0.0,0.0,-9999.0,-9999.0,-9999.0,-9999.0,-9999.0,-9999.0,-9999.0,-9999.0,-9999.0,-9999.0,-9999.0,-9999.0,-9999.0,-9999.0
P21_HV1_1_interaction,active_and_state_lat_and_long_zero_last_source_row_continuous_segment,P21,HV1,1,on_ramp,P21_HV1_1,P21_HV1.1.asc,HV1,60,initiator_active,3523,1,58716.67,58716.6676,1.0,1.0,24.446358,88.006888,149.0,125.598511,-1423.700427,0.219093,0.249284,0.0,24.451903,-0.026167,0.0,1423.702658,-33.969676,6.276374,1.0,0.0,0.0,0.0,1462.441124,-38.592134,1021.0,5006.0,0.0,160.0,-0.646933,35.778737,128.803455,35.778686,-0.060938,-0.001541,-0.442711,0.256337,-0.001604,-0.057305,0.0,0.0,0.0,0.0,0.0,0.0,-9999.0,-9999.0,-9999.0,-9999.0,-9999.0,-9999.0,-9999.0,-9999.0,-9999.0,-9999.0,-9999.0,-9999.0,-9999.0,-9999.0
P21_HV1_1_interaction,active_and_state_lat_and_long_zero_last_source_row_continuous_segment,P21,HV1,1,on_ramp,P21_HV1_1,P21_HV1.1.asc,HV1,60,initiator_active,3524,1,58733.33,58733.3334,1.0,1.0,24.450045,88.020163,149.0,126.005368,-1424.107861,0.23038,0.235633,0.0,24.455559,-0.025652,0.0,1424.110193,-33.972841,6.276521,1.0,0.0,0.0,0.0,1463.037405,-38.597342,1021.0,5006.0,0.0,160.0,-0.649704,35.771351,128.776864,35.771284,-0.069516,-0.001544,-0.442678,0.27987,0.000717,-0.056991,0.0,0.0,0.0,0.0,0.0,0.0,-9999.0,-9999.0,-9999.0,-9999.0,-9999.0,-9999.0,-9999.0,-9999.0,-9999.0,-9999.0,-9999.0,-9999.0,-9999.0,-9999.0
P21_HV1_1_interaction,active_and_state_lat_and_long_zero_last_source_row_continuous_segment,P21,HV1,1,on_ramp,P21_HV1_1,P21_HV1.1.asc,HV1,60,initiator_active,3525,1,58750.0,58750.0006,1.0,1.0,24.453727,88.033417,149.0,126.412282,-1424.515355,0.22256,0.225305,0.0,24.459414,-0.025131,0.0,1424.51779,-33.975941,6.276659,1.0,0.0,0.0,0.0,1463.633564,-38.602477,1021.0,5006.0,0.0,160.0,-0.652404,35.763964,128.75027,35.763879,-0.07786,-0.001512,-0.442632,0.301915,0.002671,-0.056363,0.0,0.0,0.0,0.0,0.0,0.0,-9999.0,-9999.0,-9999.0,-9999.0,-9999.0,-9999.0,-9999.0,-9999.0,-9999.0,-9999.0,-9999.0,-9999.0,-9999.0,-9999.0
P21_HV1_1_interaction,active_and_state_lat_and_long_zero_last_source_row_continuous_segment,P21,HV1,1,on_ramp,P21_HV1_1,P21_HV1.1.asc,HV1,60,initiator_active,3526,1,58766.67,58766.6678,1.0,1.0,24.457477,88.046917,149.0,126.819254,-1424.92291,0.214755,0.214246,0.0,24.463065,-0.024576,0.0,1424.925451,-33.978979,6.276788,1.0,0.0,0.0,0.0,1464.2296,-38.607532,1021.0,5006.0,0.0,160.0,-0.655026,35.756575,128.723671,35.756472,-0.085947,-0.001451,-0.442574,0.322761,0.004229,-0.055578,0.0,0.0,0.0,0.0,0.0,0.0,-9999.0,-9999.0,-9999.0,-9999.0,-9999.0,-9999.0,-9999.0,-9999.0,-9999.0,-9999.0,-9999.0,-9999.0,-9999.0,-9999.0
P21_HV1_1_interaction,active_and_state_lat_and_long_zero_last_source_row_continuous_segment,P21,HV1,1,on_ramp,P21_HV1_1,P21_HV1.1.asc,HV1,60,initiator_active,3527,1,58783.33,58783.3336,1.0,1.0,24.461267,88.060561,149.0,127.226285,-1425.330527,0.222071,0.202103,0.0,24.466676,-0.023979,0.0,1425.333173,-33.981958,6.276907,1.0,0.0,0.0,0.0,1464.825514,-38.6125,1021.0,5006.0,0.0,160.0,-0.657563,35.749186,128.697069,35.749063,-0.093739,-0.001369,-0.442517,0.344364,0.005403,-0.055578,0.0,0.0,0.0,0.0,0.0,0.0,-9999.0,-9999.0,-9999.0,-9999.0,-9999.0,-9999.0,-9999.0,-9999.0,-9999.0,-9999.0,-9999.0,-9999.0,-9999.0,-9999.0
P21_HV1_1_interaction,active_and_state_lat_and_long_zero_last_source_row_continuous_segment,P21,HV1,1,on_ramp,P21_HV1_1,P21_HV1.1.asc,HV1,60,initiator_active,3528,1,58800.0,58800.0009,1.0,1.0,24.464853,88.073472,149.0,127.633373,-1425.738204,0.217645,0.189465,0.0,24.470413,-0.02335,0.0,1425.740955,-33.984882,6.277016,1.0,0.0,0.0,0.0,1465.421305,-38.617375,1021.0,5006.0,0.0,160.0,-0.660009,35.741796,128.670464,35.741652,-0.101261,-0.00127,-0.442419,0.359051,0.00622,-0.052752,0.0,0.0,0.0,0.0,0.0,0.0,-9999.0,-9999.0,-9999.0,-9999.0,-9999.0,-9999.0,-9999.0,-9999.0,-9999.0,-9999.0,-9999.0,-9999.0,-9999.0,-9999.0
P21_HV1_1_interaction,active_and_state_lat_and_long_zero_last_source_row_continuous_segment,P21,HV1,1,on_ramp,P21_HV1_1,P21_HV1.1.asc,HV1,60,initiator_active,3529,1,58816.67,58816.6672,1.0,1.0,24.468525,88.08669,149.0,128.040518,-1426.145941,0.215779,0.178213,0.0,24.473969,-0.02269,0.0,1426.148801,-33.987754,6.277116,1.0,0.0,0.0,0.0,1466.016975,-38.622152,1021.0,5006.0,0.0,160.0,-0.662358,35.734405,128.643858,35.73424,-0.108464,-0.001161,-0.442324,0.374833,0.006738,-0.050868,0.0,0.0,0.0,0.0,0.0,0.0,-9999.0,-9999.0,-9999.0,-9999.0,-9999.0,-9999.0,-9999.0,-9999.0,-9999.0,-9999.0,-9999.0,-9999.0,-9999.0,-9999.0
P21_HV1_1_interaction,active_and_state_lat_and_long_zero_last_source_row_continuous_segment,P21,HV1,1,on_ramp,P21_HV1_1,P21_HV1.1.asc,HV1,60,initiator_active,3530,1,58833.34,58833.3423,1.0,1.0,24.472226,88.100013,149.0,128.44772,-1426.553738,0.222974,0.169482,0.0,24.477613,-0.021938,0.0,1426.556705,-33.990578,6.277205,1.0,0.0,0.0,0.0,1466.612521,-38.626825,1021.0,5006.0,0.0,160.0,-0.664604,35.727014,128.617251,35.726828,-0.115329,-0.001046,-0.442219,0.388949,0.007014,-0.04867,0.0,0.002198,0.0,0.0,0.0,0.0,-9999.0,-9999.0,-9999.0,-9999.0,-9999.0,-9999.0,-9999.0,-9999.0,-9999.0,-9999.0,-9999.0,-9999.0,-9999.0,-9999.0
P21_HV1_1_interaction,active_and_state_lat_and_long_zero_last_source_row_continuous_segment,P21,HV1,1,on_ramp,P21_HV1_1,P21_HV1.1.asc,HV1,60,initiator_active,3531,1,58850.0,58850.0007,1.0,1.0,24.475766,88.112758,149.0,128.854977,-1426.961595,0.221671,0.160903,0.0,24.481361,-0.021125,0.0,1426.964671,-33.993355,6.277286,1.0,0.0,0.0,0.0,1467.207945,-38.63139,1021.0,5006.0,0.0,160.0,-0.666742,35.719372,128.58974,35.719165,-0.121802,-0.000928,-0.462258,0.406631,0.007085,-0.04867,0.0,0.002198,0.0,0.0,0.0,0.0,-9999.0,-9999.0,-9999.0,-9999.0,-9999.0,-9999.0,-9999.0,-9999.0,-9999.0,-9999.0,-9999.0,-9999.0,-9999.0,-9999.0
P21_HV1_1_interaction,active_and_state_lat_and_long_zero_last_source_row_continuous_segment,P21,HV1,1,on_ramp,P21_HV1_1,P21_HV1.1.asc,HV1,60,initiator_active,3532,1,58866.67,58866.6676,1.0,1.0,24.47947,88.126092,149.0,129.262292,-1427.369511,0.274582,0.146838,0.0,24.485007,-0.020246,0.0,1427.3727,-33.996089,6.277357,1.0,0.0,0.0,0.0,1467.803243,-38.635841,1021.0,5006.0,0.0,160.0,-0.668767,35.711718,128.562186,35.711489,-0.127898,-0.000811,-0.447747,0.415964,0.006958,-0.045216,0.0,0.002198,0.0,0.0,0.0,0.0,-9999.0,-9999.0,-9999.0,-9999.0,-9999.0,-9999.0,-9999.0,-9999.0,-9999.0,-9999.0,-9999.0,-9999.0,-9999.0,-9999.0
P21_HV1_1_interaction,active_and_state_lat_and_long_zero_last_source_row_continuous_segment,P21,HV1,1,on_ramp,P21_HV1_1,P21_HV1.1.asc,HV1,60,initiator_active,3533,1,58883.34,58883.3408,1.0,1.0,24.483207,88.139546,149.0,129.669664,-1427.777489,0.165233,0.139135,0.0,24.489445,-0.019342,0.0,1427.780794,-33.998782,6.277419,1.0,0.0,0.0,0.0,1468.398414,-38.640176,1021.0,5006.0,0.0,160.0,-0.670675,35.704048,128.534575,35.703799,-0.133567,-0.000696,-0.46273,0.429793,0.006748,-0.044431,0.0,0.002198,0.0,0.0,0.0,0.0,-9999.0,-9999.0,-9999.0,-9999.0,-9999.0,-9999.0,-9999.0,-9999.0,-9999.0,-9999.0,-9999.0,-9999.0,-9999.0,-9999.0
P21_HV1_1_interaction,active_and_state_lat_and_long_zero_last_source_row_continuous_segment,P21,HV1,1,on_ramp,P21_HV1_1,P21_HV1.1.asc,HV1,60,initiator_active,3534,1,58900.0,58900.0007,1.0,1.0,24.487295,88.154262,149.0,130.077097,-1428.185531,0.210271,0.128703,0.0,24.492258,-0.018405,0.0,1428.188954,-34.001438,6.277474,1.0,0.0,0.0,0.0,1468.993459,-38.644389,1021.0,5006.0,0.0,160.0,-0.672461,35.696298,128.506673,35.696028,-0.138774,-0.000587,-0.463552,0.443119,0.00645,-0.04396,0.0,0.0,0.0,0.0,0.0,0.0,-9999.0,-9999.0,-9999.0,-9999.0,-9999.0,-9999.0,-9999.0,-9999.0,-9999.0,-9999.0,-9999.0,-9999.0,-9999.0,-9999.0
P21_HV1_1_interaction,active_and_state_lat_and_long_zero_last_source_row_continuous_segment,P21,HV1,1,on_ramp,P21_HV1_1,P21_HV1.1.asc,HV1,60,initiator_active,3535,1,58916.67,58916.6674,1.0,1.0,24.490822,88.166958,149.0,130.484592,-1428.593639,0.224092,0.121858,0.0,24.495859,-0.017426,0.0,1428.597164,-34.004058,6.27752,1.0,0.0,0.0,0.0,1469.588376,-38.648477,1021.0,5006.0,0.0,160.0,-0.674121,35.688792,128.479652,35.688504,-0.143512,-0.000483,-0.443501,0.456246,0.006129,-0.044431,0.0,0.0,0.0,0.0,0.0,0.0,-9999.0,-9999.0,-9999.0,-9999.0,-9999.0,-9999.0,-9999.0,-9999.0,-9999.0,-9999.0,-9999.0,-9999.0,-9999.0,-9999.0
P21_HV1_1_interaction,active_and_state_lat_and_long_zero_last_source_row_continuous_segment,P21,HV1,1,on_ramp,P21_HV1_1,P21_HV1.1.asc,HV1,60,initiator_active,3536,1,58933.33,58933.334,1.0,1.0,24.49401,88.178435,149.0,130.892132,-1429.001796,0.2233,0.116053,0.0,24.499592,-0.016387,0.0,1429.005436,-34.006645,6.27756,1.0,0.0,0.0,0.0,1470.183168,-38.652436,1021.0,5006.0,0.0,160.0,-0.675651,35.681387,128.452993,35.681081,-0.147784,-0.000384,-0.442062,0.468353,0.00581,-0.045059,0.0,0.0,0.0,0.0,0.0,0.0,-9999.0,-9999.0,-9999.0,-9999.0,-9999.0,-9999.0,-9999.0,-9999.0,-9999.0,-9999.0,-9999.0,-9999.0,-9999.0,-9999.0
P21_HV1_1_interaction,active_and_state_lat_and_long_zero_last_source_row_continuous_segment,P21,HV1,1,on_ramp,P21_HV1_1,P21_HV1.1.asc,HV1,60,initiator_active,3537,1,58950.0,58950.0,1.0,1.0,24.497726,88.191814,149.0,131.299729,-1429.410014,0.222461,0.109903,0.0,24.503309,-0.01531,0.0,1429.41377,-34.0092,6.277593,1.0,0.0,0.0,0.0,1470.777837,-38.656263,1021.0,5006.0,0.0,160.0,-0.677047,35.67399,128.426365,35.673668,-0.151598,-0.00029,-0.441683,0.480386,0.0055,-0.045687,0.0,0.0,0.0,0.0,0.0,0.0,-9999.0,-9999.0,-9999.0,-9999.0,-9999.0,-9999.0,-9999.0,-9999.0,-9999.0,-9999.0,-9999.0,-9999.0,-9999.0,-9999.0
P21_HV1_1_interaction,active_and_state_lat_and_long_zero_last_source_row_continuous_segment,P21,HV1,1,on_ramp,P21_HV1_1,P21_HV1.1.asc,HV1,60,initiator_active,3538,1,58966.67,58966.6677,1.0,1.0,24.501452,88.205227,149.0,131.707384,-1429.818293,0.218096,0.106358,0.0,24.507014,-0.014194,0.0,1429.822165,-34.011726,6.277622,1.0,0.0,0.0,0.0,1471.372384,-38.659955,1021.0,5006.0,0.0,160.0,-0.678305,35.666596,128.399747,35.66626,-0.154969,-0.000202,-0.4415,0.490948,0.005169,-0.046158,0.0,0.0,0.0,0.0,0.0,0.0,-9999.0,-9999.0,-9999.0,-9999.0,-9999.0,-9999.0,-9999.0,-9999.0,-9999.0,-9999.0,-9999.0,-9999.0,-9999.0,-9999.0
P21_HV1_1_interaction,active_and_state_lat_and_long_zero_last_source_row_continuous_segment,P21,HV1,1,on_ramp,P21_HV1_1,P21_HV1.1.asc,HV1,60,initiator_active,3539,1,58983.33,58983.3337,1.0,1.0,24.505162,88.218584,149.0,132.115097,-1430.226633,0.225473,0.105244,0.0,24.510657,-0.013042,0.0,1430.230623,-34.014222,6.277647,1.0,0.0,0.0,0.0,1471.966808,-38.663508,1021.0,5006.0,0.0,160.0,-0.679423,35.659203,128.373132,35.658854,-0.157932,-0.000119,-0.441375,0.499424,0.004806,-0.046158,0.0,0.0,0.0,0.0,0.0,0.0,-9999.0,-9999.0,-9999.0,-9999.0,-9999.0,-9999.0,-9999.0,-9999.0,-9999.0,-9999.0,-9999.0,-9999.0,-9999.0,-9999.0
P21_HV1_1_interaction,active_and_state_lat_and_long_zero_last_source_row_continuous_segment,P21,HV1,1,on_ramp,P21_HV1_1,P21_HV1.1.asc,HV1,60,initiator_active,3540,1,59000.13,59000.131,1.0,1.0,24.508831,88.231792,149.0,132.522867,-1430.635035,0.190883,0.09981,0.0,24.514045,-0.011866,0.0,1430.639142,-34.01669,6.27767,1.0,0.0,0.0,0.0,1472.56111,-38.66692,1021.0,5006.0,0.0,160.0,-0.680397,35.651811,128.346519,35.65145,-0.160515,-4.3e-05,-0.441268,0.506874,0.004416,-0.045687,0.0,0.0,0.0,0.0,0.0,0.0,-9999.0,-9999.0,-9999.0,-9999.0,-9999.0,-9999.0,-9999.0,-9999.0,-9999.0,-9999.0,-9999.0,-9999.0,-9999.0,-9999.0
P21_HV1_1_interaction,active_and_state_lat_and_long_zero_last_source_row_continuous_segment,P21,HV1,1,on_ramp,P21_HV1_1,P21_HV1.1.asc,HV1,60,initiator_active,3541,1,59016.67,59016.6667,1.0,1.0,24.512536,88.245128,149.0,132.930693,-1431.043497,0.22369,0.094368,0.0,24.517447,-0.010754,0.0,1431.047715,-34.019131,6.277691,1.0,0.0,0.0,0.0,1473.155289,-38.670189,1021.0,5006.0,0.0,160.0,-0.681225,35.64442,128.319911,35.644048,-0.162785,2.7e-05,-0.441125,0.506554,0.003997,-0.041919,0.0,0.0,0.0,0.0,0.0,0.0,-9999.0,-9999.0,-9999.0,-9999.0,-9999.0,-9999.0,-9999.0,-9999.0,-9999.0,-9999.0,-9999.0,-9999.0,-9999.0,-9999.0
P21_HV1_1_interaction,active_and_state_lat_and_long_zero_last_source_row_continuous_segment,P21,HV1,1,on_ramp,P21_HV1_1,P21_HV1.1.asc,HV1,60,initiator_active,3542,1,59033.34,59033.3432,1.0,1.0,24.515635,88.256287,149.0,133.33857,-1431.452013,0.22782,0.08965,0.0,24.521181,-0.009721,0.0,1431.456347,-34.021544,6.277713,1.0,0.0,0.0,0.0,1473.749346,-38.673314,1021.0,5006.0,0.0,160.0,-0.681905,35.637031,128.29331,35.63665,-0.164793,8.9e-05,-0.440957,0.502299,0.003569,-0.037209,0.0,0.0,0.0,0.0,0.0,0.0,-9999.0,-9999.0,-9999.0,-9999.0,-9999.0,-9999.0,-9999.0,-9999.0,-9999.0,-9999.0,-9999.0,-9999.0,-9999.0,-9999.0
P21_HV1_1_interaction,active_and_state_lat_and_long_zero_last_source_row_continuous_segment,P21,HV1,1,on_ramp,P21_HV1_1,P21_HV1.1.asc,HV1,60,initiator_active,3543,1,59050.0,59050.0011,1.0,1.0,24.519311,88.269521,149.0,133.7465,-1431.860587,0.220323,0.085706,0.0,24.524931,-0.008768,0.0,1431.865042,-34.023932,6.277734,1.0,0.0,0.0,0.0,1474.343281,-38.676294,1021.0,5006.0,0.0,160.0,-0.682436,35.629644,128.26672,35.629255,-0.166564,0.000145,-0.440762,0.492965,0.003145,-0.030458,0.0,0.0,0.0,0.0,0.0,0.0,-9999.0,-9999.0,-9999.0,-9999.0,-9999.0,-9999.0,-9999.0,-9999.0,-9999.0,-9999.0,-9999.0,-9999.0,-9999.0,-9999.0
P21_HV1_1_interaction,active_and_state_lat_and_long_zero_last_source_row_continuous_segment,P21,HV1,1,on_ramp,P21_HV1_1,P21_HV1.1.asc,HV1,60,initiator_active,3544,1,59066.67,59066.6675,1.0,1.0,24.523079,88.283086,149.0,134.154489,-1432.269223,0.226193,0.082442,0.0,24.528616,-0.007899,0.0,1432.2738,-34.026296,6.277756,1.0,0.0,0.0,0.0,1474.937093,-38.67913,1021.0,5006.0,0.0,160.0,-0.682819,35.622262,128.240144,35.621866,-0.16811,0.000193,-0.440543,0.477915,0.002739,-0.021352,0.0,0.0,0.0,0.0,0.0,0.0,-9999.0,-9999.0,-9999.0,-9999.0,-9999.0,-9999.0,-9999.0,-9999.0,-9999.0,-9999.0,-9999.0,-9999.0,-9999.0,-9999.0
P21_HV1_1_interaction,active_and_state_lat_and_long_zero_last_source_row_continuous_segment,P21,HV1,1,on_ramp,P21_HV1_1,P21_HV1.1.asc,HV1,60,initiator_active,3545,1,59083.34,59083.3425,1.0,1.0,24.526766,88.296359,149.0,134.562536,-1432.677921,0.226438,0.076945,0.0,24.532376,-0.007128,0.0,1432.682619,-34.028637,6.27778,1.0,0.0,0.0,0.0,1475.530782,-38.681824,1021.0,5006.0,0.0,160.0,-0.683057,35.614885,128.213585,35.614482,-0.169402,0.000235,-0.44032,0.459745,0.00237,-0.011147,0.0,0.0,0.0,0.0,0.0,0.0,-9999.0,-9999.0,-9999.0,-9999.0,-9999.0,-9999.0,-9999.0,-9999.0,-9999.0,-9999.0,-9999.0,-9999.0,-9999.0,-9999.0
P21_HV1_1_interaction,active_and_state_lat_and_long_zero_last_source_row_continuous_segment,P21,HV1,1,on_ramp,P21_HV1_1,P21_HV1.1.asc,HV1,60,initiator_active,3546,1,59100.0,59100.0009,1.0,1.0,24.530501,88.309802,149.0,134.97064,-1433.08668,0.219127,0.074475,0.0,24.536102,-0.006464,0.0,1433.0915,-34.030956,6.277805,1.0,0.0,0.0,0.0,1476.12435,-38.68438,1021.0,5006.0,0.0,160.0,-0.68315,35.607512,128.187044,35.607105,-0.170358,0.000272,-0.440114,0.441622,0.002051,-0.001413,0.0,0.0,0.0,0.0,0.0,0.0,-9999.0,-9999.0,-9999.0,-9999.0,-9999.0,-9999.0,-9999.0,-9999.0,-9999.0,-9999.0,-9999.0,-9999.0,-9999.0,-9999.0
P21_HV1_1_interaction,active_and_state_lat_and_long_zero_last_source_row_continuous_segment,P21,HV1,1,on_ramp,P21_HV1_1,P21_HV1.1.asc,HV1,60,initiator_active,3547,1,59116.67,59116.6675,1.0,1.0,24.534263,88.323346,161.0,0.261959,-1433.495502,0.221463,0.07027,0.0,24.539769,-0.005908,0.0,1433.500444,-34.033253,6.277832,1.0,0.0,0.0,0.0,1476.717795,-38.6868,1021.0,5006.0,0.0,160.0,-0.683103,35.600143,128.160516,35.599734,-0.170755,0.000304,-0.439985,0.442595,0.001815,-0.001413,0.0,0.0,0.0,0.0,0.0,0.0,-9999.0,-9999.0,-9999.0,-9999.0,-9999.0,-9999.0,-9999.0,-9999.0,-9999.0,-9999.0,-9999.0,-9999.0,-9999.0,-9999.0
P21_HV1_1_interaction,active_and_state_lat_and_long_zero_last_source_row_continuous_segment,P21,HV1,1,on_ramp,P21_HV1_1,P21_HV1.1.asc,HV1,60,initiator_active,3548,1,59133.33,59133.3334,1.0,1.0,24.537928,88.336539,161.0,0.670913,-1433.904385,0.221479,0.064105,0.0,24.54346,-0.005455,0.0,1433.909449,-34.035531,6.27786,1.0,0.0,0.0,0.0,1477.311117,-38.689087,1021.0,5006.0,0.0,160.0,-0.682918,35.592779,128.134005,35.592369,-0.170766,0.000331,-0.439769,0.405329,0.00157,0.016171,0.0,0.0,0.0,0.0,0.0,0.0,-9999.0,-9999.0,-9999.0,-9999.0,-9999.0,-9999.0,-9999.0,-9999.0,-9999.0,-9999.0,-9999.0,-9999.0,-9999.0,-9999.0
P21_HV1_1_interaction,active_and_state_lat_and_long_zero_last_source_row_continuous_segment,P21,HV1,1,on_ramp,P21_HV1_1,P21_HV1.1.asc,HV1,60,initiator_active,3549,1,59150.0,59150.0007,1.0,1.0,24.541614,88.349812,161.0,1.079928,-1434.313329,0.224192,0.057465,0.0,24.547184,-0.005139,0.0,1434.318516,-34.03779,6.27789,1.0,0.0,0.0,0.0,1477.904318,-38.691247,1021.0,5006.0,0.0,160.0,-0.682599,35.585419,128.10751,35.585013,-0.170156,0.000356,-0.43963,0.393316,0.001367,0.021038,0.0,0.0,0.0,0.0,0.0,0.0,-9999.0,-9999.0,-9999.0,-9999.0,-9999.0,-9999.0,-9999.0,-9999.0,-9999.0,-9999.0,-9999.0,-9999.0,-9999.0,-9999.0
P21_HV1_1_interaction,active_and_state_lat_and_long_zero_last_source_row_continuous_segment,P21,HV1,1,on_ramp,P21_HV1_1,P21_HV1.1.asc,HV1,60,initiator_active,3550,1,59166.67,59166.6672,1.0,1.0,24.545306,88.363102,161.0,1.489004,-1434.722334,0.22097,0.04929,0.0,24.550899,-0.004965,0.0,1434.727644,-34.040032,6.27792,1.0,0.0,0.0,0.0,1478.497396,-38.693282,1021.0,5006.0,0.0,160.0,-0.68215,35.578063,128.081025,35.577662,-0.168778,0.000377,-0.439516,0.38609,0.001182,0.022765,0.0,0.0,0.0,0.0,0.0,0.0,-9999.0,-9999.0,-9999.0,-9999.0,-9999.0,-9999.0,-9999.0,-9999.0,-9999.0,-9999.0,-9999.0,-9999.0,-9999.0,-9999.0
P21_HV1_1_interaction,active_and_state_lat_and_long_zero_last_source_row_continuous_segment,P21,HV1,1,on_ramp,P21_HV1_1,P21_HV1.1.asc,HV1,60,initiator_active,3551,1,59183.33,59183.3344,1.0,1.0,24.549052,88.376588,161.0,1.898143,-1435.131401,0.232298,0.043995,0.0,24.554713,-0.004901,0.0,1435.136835,-34.04226,6.27795,1.0,0.0,0.0,0.0,1479.090351,-38.695197,1021.0,5006.0,0.0,160.0,-0.681573,35.570709,128.054551,35.570318,-0.166589,0.000395,-0.439417,0.380577,0.000996,0.022294,0.0,0.0,0.0,0.0,0.0,0.0,-9999.0,-9999.0,-9999.0,-9999.0,-9999.0,-9999.0,-9999.0,-9999.0,-9999.0,-9999.0,-9999.0,-9999.0,-9999.0,-9999.0
P21_HV1_1_interaction,active_and_state_lat_and_long_zero_last_source_row_continuous_segment,P21,HV1,1,on_ramp,P21_HV1_1,P21_HV1.1.asc,HV1,60,initiator_active,3552,1,59200.0,59200.0009,1.0,1.0,24.55274,88.389866,161.0,2.307343,-1435.540529,0.217113,0.034137,0.0,24.558469,-0.004916,0.0,1435.54609,-34.044475,6.277979,1.0,0.0,0.0,0.0,1479.683185,-38.696993,1021.0,5006.0,0.0,160.0,-0.68087,35.563357,128.028085,35.562981,-0.163606,0.000409,-0.439331,0.37731,0.000787,0.019782,0.0,0.0,0.0,0.0,0.0,0.0,-9999.0,-9999.0,-9999.0,-9999.0,-9999.0,-9999.0,-9999.0,-9999.0,-9999.0,-9999.0,-9999.0,-9999.0,-9999.0,-9999.0
P21_HV1_1_interaction,active_and_state_lat_and_long_zero_last_source_row_continuous_segment,P21,HV1,1,on_ramp,P21_HV1_1,P21_HV1.1.asc,HV1,60,initiator_active,3553,1,59216.67,59216.6678,1.0,1.0,24.556649,88.403936,161.0,2.716607,-1435.949722,0.223978,0.02419,0.0,24.562105,-0.005034,0.0,1435.955407,-34.046681,6.278005,1.0,0.0,0.0,0.0,1480.275896,-38.698673,1021.0,5006.0,0.0,160.0,-0.680044,35.556007,128.001627,35.555648,-0.159863,0.00042,-0.439256,0.375989,0.000574,0.016014,0.0,0.0,0.0,0.0,0.0,0.0,-9999.0,-9999.0,-9999.0,-9999.0,-9999.0,-9999.0,-9999.0,-9999.0,-9999.0,-9999.0,-9999.0,-9999.0,-9999.0,-9999.0
P21_HV1_1_interaction,active_and_state_lat_and_long_zero_last_source_row_continuous_segment,P21,HV1,1,on_ramp,P21_HV1_1,P21_HV1.1.asc,HV1,60,initiator_active,3554,1,59233.33,59233.3335,1.0,1.0,24.560278,88.417,161.0,3.125933,-1436.358976,0.220667,0.017128,0.0,24.565831,-0.005224,0.0,1436.364785,-34.048879,6.278027,1.0,0.0,0.0,0.0,1480.868485,-38.700238,1021.0,5006.0,0.0,160.0,-0.679096,35.54866,127.975176,35.54832,-0.155439,0.000427,-0.439189,0.374034,0.000337,0.011775,0.0,0.0,0.0,0.0,0.0,0.0,-9999.0,-9999.0,-9999.0,-9999.0,-9999.0,-9999.0,-9999.0,-9999.0,-9999.0,-9999.0,-9999.0,-9999.0,-9999.0,-9999.0
P21_HV1_1_interaction,active_and_state_lat_and_long_zero_last_source_row_continuous_segment,P21,HV1,1,on_ramp,P21_HV1_1,P21_HV1.1.asc,HV1,60,initiator_active,3555,1,59250.0,59250.0002,1.0,1.0,24.563972,88.430298,161.0,3.53532,-1436.768291,0.219983,0.005889,0.0,24.569503,-0.005416,0.0,1436.774225,-34.051074,6.278044,1.0,0.0,0.0,0.0,1481.460952,-38.701691,1021.0,5006.0,0.0,160.0,-0.678028,35.541315,127.948732,35.540996,-0.150466,0.000431,-0.43912,0.368076,0.000102,0.008792,0.0,0.0,0.0,0.0,0.0,0.0,-9999.0,-9999.0,-9999.0,-9999.0,-9999.0,-9999.0,-9999.0,-9999.0,-9999.0,-9999.0,-9999.0,-9999.0,-9999.0,-9999.0
P21_HV1_1_interaction,active_and_state_lat_and_long_zero_last_source_row_continuous_segment,P21,HV1,1,on_ramp,P21_HV1_1,P21_HV1.1.asc,HV1,60,initiator_active,3556,1,59266.67,59266.6676,1.0,1.0,24.567669,88.44361,161.0,3.944769,-1437.177667,0.223977,-0.004162,0.0,24.57317,-0.005614,0.0,1437.183725,-34.053267,6.278055,1.0,0.0,0.0,0.0,1482.053297,-38.703034,1021.0,5006.0,0.0,160.0,-0.676841,35.533972,127.922299,35.533676,-0.145113,0.00043,-0.439033,0.354821,-0.000117,0.008792,0.0,0.0,0.0,0.0,0.0,0.0,-9999.0,-9999.0,-9999.0,-9999.0,-9999.0,-9999.0,-9999.0,-9999.0,-9999.0,-9999.0,-9999.0,-9999.0,-9999.0,-9999.0
P21_HV1_1_interaction,active_and_state_lat_and_long_zero_last_source_row_continuous_segment,P21,HV1,1,on_ramp,P21_HV1_1,P21_HV1.1.asc,HV1,60,initiator_active,3557,1,59283.33,59283.3342,1.0,1.0,24.571337,88.456812,161.0,4.354279,-1437.587105,0.227231,-0.012995,0.0,24.576927,-0.005803,0.0,1437.593288,-34.055462,6.278057,1.0,0.0,0.0,0.0,1482.645519,-38.70427,1021.0,5006.0,0.0,160.0,-0.675538,35.526542,127.895551,35.526268,-0.139416,0.000426,-0.454792,0.349996,-0.000307,0.004396,0.0,0.0,0.0,0.0,0.0,0.0,-9999.0,-9999.0,-9999.0,-9999.0,-9999.0,-9999.0,-9999.0,-9999.0,-9999.0,-9999.0,-9999.0,-9999.0,-9999.0,-9999.0
P21_HV1_1_interaction,active_and_state_lat_and_long_zero_last_source_row_continuous_segment,P21,HV1,1,on_ramp,P21_HV1_1,P21_HV1.1.asc,HV1,60,initiator_active,3558,1,59300.0,59300.0006,1.0,1.0,24.575036,88.470131,161.0,4.76385,-1437.996605,0.153302,-0.021072,0.0,24.580646,-0.005914,0.0,1438.002913,-34.057661,6.278051,1.0,0.0,0.0,0.0,1483.237618,-38.705403,1021.0,5006.0,0.0,160.0,-0.674123,35.519121,127.868836,35.51887,-0.133504,0.000419,-0.439886,0.337317,-0.000501,0.003454,0.0,0.0,0.0,0.0,0.0,0.0,-9999.0,-9999.0,-9999.0,-9999.0,-9999.0,-9999.0,-9999.0,-9999.0,-9999.0,-9999.0,-9999.0,-9999.0,-9999.0,-9999.0
P21_HV1_1_interaction,active_and_state_lat_and_long_zero_last_source_row_continuous_segment,P21,HV1,1,on_ramp,P21_HV1_1,P21_HV1.1.asc,HV1,60,initiator_active,3559,1,59316.67,59316.6693,1.0,1.0,24.57882,88.483753,161.0,5.173484,-1438.406167,0.167436,-0.031562,0.0,24.582833,-0.00595,0.0,1438.412595,-34.059867,6.278037,1.0,0.0,0.0,0.0,1483.829593,-38.706435,1021.0,5006.0,0.0,160.0,-0.672599,35.511781,127.842412,35.511552,-0.127471,0.000409,-0.438985,0.322979,-0.000655,0.00314,0.0,0.0,0.0,0.0,0.0,0.0,-9999.0,-9999.0,-9999.0,-9999.0,-9999.0,-9999.0,-9999.0,-9999.0,-9999.0,-9999.0,-9999.0,-9999.0,-9999.0,-9999.0
P21_HV1_1_interaction,active_and_state_lat_and_long_zero_last_source_row_continuous_segment,P21,HV1,1,on_ramp,P21_HV1_1,P21_HV1.1.asc,HV1,60,initiator_active,3560,1,59333.33,59333.3341,1.0,1.0,24.581923,88.494925,161.0,5.583175,-1438.815786,0.244193,-0.040779,0.0,24.586231,-0.005916,0.0,1438.822314,-34.062084,6.278012,1.0,0.0,0.0,0.0,1484.421446,-38.707372,1021.0,5006.0,0.0,160.0,-0.670969,35.504449,127.816017,35.504242,-0.121377,0.000397,-0.438757,0.307793,-0.000764,0.003454,0.0,0.0,0.0,0.0,0.0,0.0,-9999.0,-9999.0,-9999.0,-9999.0,-9999.0,-9999.0,-9999.0,-9999.0,-9999.0,-9999.0,-9999.0,-9999.0,-9999.0,-9999.0
P21_HV1_1_interaction,active_and_state_lat_and_long_zero_last_source_row_continuous_segment,P21,HV1,1,on_ramp,P21_HV1_1,P21_HV1.1.asc,HV1,60,initiator_active,3561,1,59350.0,59350.0049,1.0,1.0,24.584228,88.503222,161.0,5.992903,-1439.225443,0.228613,-0.049505,0.0,24.590181,-0.005779,0.0,1439.232095,-34.064312,6.277976,1.0,0.0,0.0,0.0,1485.013177,-38.708218,1021.0,5006.0,0.0,160.0,-0.669238,35.497122,127.789638,35.496934,-0.115262,0.000384,-0.438619,0.292527,-0.000838,0.003925,0.0,0.0,0.0,0.0,0.0,0.0,-9999.0,-9999.0,-9999.0,-9999.0,-9999.0,-9999.0,-9999.0,-9999.0,-9999.0,-9999.0,-9999.0,-9999.0,-9999.0,-9999.0
P21_HV1_1_interaction,active_and_state_lat_and_long_zero_last_source_row_continuous_segment,P21,HV1,1,on_ramp,P21_HV1_1,P21_HV1.1.asc,HV1,60,initiator_active,3562,1,59366.67,59366.6673,1.0,1.0,24.588267,88.517759,161.0,6.402694,-1439.635162,0.225357,-0.05643,0.0,24.594,-0.005485,0.0,1439.641941,-34.066557,6.277929,1.0,0.0,0.0,0.0,1485.604786,-38.708977,1021.0,5006.0,0.0,160.0,-0.66741,35.489798,127.763272,35.48963,-0.109158,0.000369,-0.438508,0.276725,-0.000892,0.004396,0.0,0.0,0.0,0.0,0.0,0.0,-9999.0,-9999.0,-9999.0,-9999.0,-9999.0,-9999.0,-9999.0,-9999.0,-9999.0,-9999.0,-9999.0,-9999.0,-9999.0,-9999.0
P21_HV1_1_interaction,active_and_state_lat_and_long_zero_last_source_row_continuous_segment,P21,HV1,1,on_ramp,P21_HV1_1,P21_HV1.1.asc,HV1,60,initiator_active,3563,1,59383.33,59383.3347,1.0,1.0,24.592086,88.531509,161.0,6.812548,-1440.044947,0.224022,-0.06372,0.0,24.597761,-0.005073,0.0,1440.05185,-34.068818,6.277872,1.0,0.0,0.0,0.0,1486.196273,-38.709655,1021.0,5006.0,0.0,160.0,-0.665489,35.482477,127.736918,35.482327,-0.1031,0.000354,-0.438405,0.260208,-0.000943,0.005024,0.0,0.0,0.0,0.0,0.0,0.0,-9999.0,-9999.0,-9999.0,-9999.0,-9999.0,-9999.0,-9999.0,-9999.0,-9999.0,-9999.0,-9999.0,-9999.0,-9999.0,-9999.0
P21_HV1_1_interaction,active_and_state_lat_and_long_zero_last_source_row_continuous_segment,P21,HV1,1,on_ramp,P21_HV1_1,P21_HV1.1.asc,HV1,60,initiator_active,3564,1,59400.01,59400.0059,1.0,1.0,24.595878,88.545161,161.0,7.222467,-1440.454795,0.223736,-0.072187,0.0,24.601506,-0.004528,0.0,1440.461822,-34.071099,6.277805,1.0,0.0,0.0,0.0,1486.787638,-38.710255,1021.0,5006.0,0.0,160.0,-0.66348,35.47516,127.710575,35.475027,-0.097106,0.000337,-0.438307,0.245117,-0.001005,0.005024,0.0,0.0,0.0,0.0,0.0,0.0,-9999.0,-9999.0,-9999.0,-9999.0,-9999.0,-9999.0,-9999.0,-9999.0,-9999.0,-9999.0,-9999.0,-9999.0,-9999.0,-9999.0
P21_HV1_1_interaction,active_and_state_lat_and_long_zero_last_source_row_continuous_segment,P21,HV1,1,on_ramp,P21_HV1_1,P21_HV1.1.asc,HV1,60,initiator_active,3565,1,59416.67,59416.6675,1.0,1.0,24.599628,88.55866,161.0,7.632447,-1440.864706,0.224638,-0.078208,0.0,24.605215,-0.003861,0.0,1440.871856,-34.073402,6.277728,1.0,0.0,0.0,0.0,1487.378881,-38.710783,1021.0,5006.0,0.0,160.0,-0.661387,35.467845,127.684244,35.467728,-0.091187,0.00032,-0.43821,0.229864,-0.001077,0.005181,0.0,0.002198,0.0,0.0,0.0,0.0,-9999.0,-9999.0,-9999.0,-9999.0,-9999.0,-9999.0,-9999.0,-9999.0,-9999.0,-9999.0,-9999.0,-9999.0,-9999.0,-9999.0
P21_HV1_1_interaction,active_and_state_lat_and_long_zero_last_source_row_continuous_segment,P21,HV1,1,on_ramp,P21_HV1_1,P21_HV1.1.asc,HV1,60,initiator_active,3566,1,59433.33,59433.3341,1.0,1.0,24.603371,88.572136,161.0,8.04249,-1441.274679,0.21419,-0.082662,0.0,24.608916,-0.003057,0.0,1441.281951,-34.075727,6.277641,1.0,0.0,0.0,0.0,1487.970002,-38.711243,1021.0,5006.0,0.0,160.0,-0.659215,35.460283,127.657018,35.46018,-0.085361,0.000301,-0.458263,0.214816,-0.001165,0.005338,0.0,0.002198,0.0,0.0,0.0,0.0,-9999.0,-9999.0,-9999.0,-9999.0,-9999.0,-9999.0,-9999.0,-9999.0,-9999.0,-9999.0,-9999.0,-9999.0,-9999.0,-9999.0
P21_HV1_1_interaction,active_and_state_lat_and_long_zero_last_source_row_continuous_segment,P21,HV1,1,on_ramp,P21_HV1_1,P21_HV1.1.asc,HV1,60,initiator_active,3567,1,59450.02,59450.0205,1.0,1.0,24.607087,88.585512,161.0,8.452595,-1441.684715,0.216199,-0.087618,0.0,24.612511,-0.00212,0.0,1441.692108,-34.078077,6.277547,1.0,0.0,0.0,0.0,1488.560997,-38.71164,1021.0,5006.0,0.0,160.0,-0.656966,35.452621,127.629436,35.452532,-0.079648,0.000281,-0.459552,0.200329,-0.001266,0.005338,0.0,0.0,0.0,0.0,0.0,0.0,-9999.0,-9999.0,-9999.0,-9999.0,-9999.0,-9999.0,-9999.0,-9999.0,-9999.0,-9999.0,-9999.0,-9999.0,-9999.0,-9999.0
P21_HV1_1_interaction,active_and_state_lat_and_long_zero_last_source_row_continuous_segment,P21,HV1,1,on_ramp,P21_HV1_1,P21_HV1.1.asc,HV1,60,initiator_active,3568,1,59466.67,59466.6671,1.0,1.0,24.610701,88.598525,161.0,8.862761,-1442.094813,0.217564,-0.091277,0.0,24.616096,-0.001116,0.0,1442.102324,-34.080452,6.277447,1.0,0.0,0.0,0.0,1489.151866,-38.711977,1021.0,5006.0,0.0,160.0,-0.654647,35.445204,127.602734,35.445127,-0.07406,0.000259,-0.439612,0.186126,-0.00134,0.005338,0.0,0.002198,0.0,0.0,0.0,0.0,-9999.0,-9999.0,-9999.0,-9999.0,-9999.0,-9999.0,-9999.0,-9999.0,-9999.0,-9999.0,-9999.0,-9999.0,-9999.0,-9999.0
P21_HV1_1_interaction,active_and_state_lat_and_long_zero_last_source_row_continuous_segment,P21,HV1,1,on_ramp,P21_HV1_1,P21_HV1.1.asc,HV1,60,initiator_active,3569,1,59483.33,59483.3344,1.0,1.0,24.614313,88.611527,161.0,9.272986,-1442.504971,0.22499,-0.097043,0.0,24.619747,-5.2e-05,0.0,1442.5126,-34.082853,6.277341,1.0,0.0,0.0,0.0,1489.74261,-38.71226,1021.0,5006.0,0.0,160.0,-0.65226,35.437637,127.575493,35.437571,-0.068614,0.000236,-0.458386,0.172256,-0.00137,0.005338,0.0,0.002198,0.0,0.0,0.0,0.0,-9999.0,-9999.0,-9999.0,-9999.0,-9999.0,-9999.0,-9999.0,-9999.0,-9999.0,-9999.0,-9999.0,-9999.0,-9999.0,-9999.0
P21_HV1_1_interaction,active_and_state_lat_and_long_zero_last_source_row_continuous_segment,P21,HV1,1,on_ramp,P21_HV1_1,P21_HV1.1.asc,HV1,60,initiator_active,3570,1,59500.0,59500.0008,1.0,1.0,24.617909,88.624474,161.0,9.683272,-1442.915189,0.207406,-0.103411,0.0,24.623421,0.001015,0.0,1442.922938,-34.085281,6.277231,1.0,0.0,0.0,0.0,1490.333228,-38.712492,1021.0,5006.0,0.0,160.0,-0.649809,35.429979,127.547926,35.429923,-0.063327,0.000214,-0.459399,0.15809,-0.001358,0.005652,0.0,0.0,0.0,0.0,0.0,0.0,-9999.0,-9999.0,-9999.0,-9999.0,-9999.0,-9999.0,-9999.0,-9999.0,-9999.0,-9999.0,-9999.0,-9999.0,-9999.0,-9999.0
P21_HV1_1_interaction,active_and_state_lat_and_long_zero_last_source_row_continuous_segment,P21,HV1,1,on_ramp,P21_HV1_1,P21_HV1.1.asc,HV1,60,initiator_active,3571,1,59516.67,59516.667,1.0,1.0,24.621622,88.637839,161.0,10.093618,-1443.325469,0.225478,-0.107221,0.0,24.626997,0.002086,0.0,1443.333335,-34.087738,6.277117,1.0,0.0,0.0,0.0,1490.923719,-38.712678,1021.0,5006.0,0.0,160.0,-0.647298,35.422568,127.521246,35.42252,-0.058212,0.000191,-0.439366,0.144642,-0.001309,0.005809,0.0,0.0,0.0,0.0,0.0,0.0,-9999.0,-9999.0,-9999.0,-9999.0,-9999.0,-9999.0,-9999.0,-9999.0,-9999.0,-9999.0,-9999.0,-9999.0,-9999.0,-9999.0
P21_HV1_1_interaction,active_and_state_lat_and_long_zero_last_source_row_continuous_segment,P21,HV1,1,on_ramp,P21_HV1_1,P21_HV1.1.asc,HV1,60,initiator_active,3572,1,59533.33,59533.334,1.0,1.0,24.625149,88.650537,161.0,10.504025,-1443.73581,0.220571,-0.110584,0.0,24.630723,0.003116,0.0,1443.743793,-34.090225,6.277002,1.0,0.0,0.0,0.0,1491.514086,-38.712822,1021.0,5006.0,0.0,160.0,-0.64473,35.415259,127.494934,35.415219,-0.05328,0.00017,-0.437958,0.130648,-0.001205,0.006437,0.0,0.0,0.0,0.0,0.0,0.0,-9999.0,-9999.0,-9999.0,-9999.0,-9999.0,-9999.0,-9999.0,-9999.0,-9999.0,-9999.0,-9999.0,-9999.0,-9999.0,-9999.0
P21_HV1_1_interaction,active_and_state_lat_and_long_zero_last_source_row_continuous_segment,P21,HV1,1,on_ramp,P21_HV1_1,P21_HV1.1.asc,HV1,60,initiator_active,3573,1,59550.0,59550.0006,1.0,1.0,24.628876,88.663953,161.0,10.914492,-1444.146212,0.220053,-0.114435,0.0,24.634396,0.00412,0.0,1444.154312,-34.092743,6.276885,1.0,0.0,0.0,0.0,1492.104331,-38.712926,1021.0,5006.0,0.0,160.0,-0.64211,35.407962,127.468662,35.407928,-0.048541,0.000152,-0.437579,0.117424,-0.001058,0.006908,0.0,0.0,0.0,0.0,0.0,0.0,-9999.0,-9999.0,-9999.0,-9999.0,-9999.0,-9999.0,-9999.0,-9999.0,-9999.0,-9999.0,-9999.0,-9999.0,-9999.0,-9999.0
P21_HV1_1_interaction,active_and_state_lat_and_long_zero_last_source_row_continuous_segment,P21,HV1,1,on_ramp,P21_HV1_1,P21_HV1.1.asc,HV1,60,initiator_active,3574,1,59566.67,59566.6676,1.0,1.0,24.632561,88.677221,161.0,11.325021,-1444.556677,0.218808,-0.121566,0.0,24.638096,0.005073,0.0,1444.564893,-34.095293,6.276768,1.0,0.0,0.0,0.0,1492.694455,-38.712997,1021.0,5006.0,0.0,160.0,-0.639441,35.400668,127.442406,35.400641,-0.043993,0.000136,-0.43739,0.104336,-0.000902,0.007536,0.0,0.0,0.0,0.0,0.0,0.0,-9999.0,-9999.0,-9999.0,-9999.0,-9999.0,-9999.0,-9999.0,-9999.0,-9999.0,-9999.0,-9999.0,-9999.0,-9999.0,-9999.0
P21_HV1_1_interaction,active_and_state_lat_and_long_zero_last_source_row_continuous_segment,P21,HV1,1,on_ramp,P21_HV1_1,P21_HV1.1.asc,HV1,60,initiator_active,3575,1,59583.35,59583.347,1.0,1.0,24.63623,88.690427,161.0,11.735611,-1444.967203,0.219185,-0.12673,0.0,24.64173,0.005915,0.0,1444.975534,-34.097877,6.27665,1.0,0.0,0.0,0.0,1493.284457,-38.713036,1021.0,5006.0,0.0,160.0,-0.636725,35.393378,127.416162,35.393356,-0.039635,0.000122,-0.437264,0.092362,-0.000762,0.00785,0.0,0.0,0.0,0.0,0.0,0.0,-9999.0,-9999.0,-9999.0,-9999.0,-9999.0,-9999.0,-9999.0,-9999.0,-9999.0,-9999.0,-9999.0,-9999.0,-9999.0,-9999.0
P21_HV1_1_interaction,active_and_state_lat_and_long_zero_last_source_row_continuous_segment,P21,HV1,1,on_ramp,P21_HV1_1,P21_HV1.1.asc,HV1,60,initiator_active,3576,1,59600.0,59600.0008,1.0,1.0,24.639919,88.703707,161.0,12.146263,-1445.377791,0.223656,-0.130618,0.0,24.645386,0.006671,0.0,1445.386236,-34.100495,6.276533,1.0,0.0,0.0,0.0,1493.874337,-38.713048,1021.0,5006.0,0.0,160.0,-0.633967,35.38609,127.389925,35.386072,-0.035461,0.00011,-0.437159,0.08085,-0.000644,0.008164,0.0,0.002198,0.0,0.0,0.0,0.0,-9999.0,-9999.0,-9999.0,-9999.0,-9999.0,-9999.0,-9999.0,-9999.0,-9999.0,-9999.0,-9999.0,-9999.0,-9999.0,-9999.0
P21_HV1_1_interaction,active_and_state_lat_and_long_zero_last_source_row_continuous_segment,P21,HV1,1,on_ramp,P21_HV1_1,P21_HV1.1.asc,HV1,60,initiator_active,3577,1,59616.67,59616.6674,1.0,1.0,24.643556,88.716801,161.0,12.556975,-1445.788441,0.23186,-0.133778,0.0,24.649103,0.007351,0.0,1445.797,-34.103149,6.276417,1.0,0.0,0.0,0.0,1494.464095,-38.713036,1021.0,5006.0,0.0,160.0,-0.63117,35.378553,127.362791,35.378539,-0.031472,0.000101,-0.457221,0.069794,-0.00057,0.008478,0.0,0.0,0.0,0.0,0.0,0.0,-9999.0,-9999.0,-9999.0,-9999.0,-9999.0,-9999.0,-9999.0,-9999.0,-9999.0,-9999.0,-9999.0,-9999.0,-9999.0,-9999.0
P21_HV1_1_interaction,active_and_state_lat_and_long_zero_last_source_row_continuous_segment,P21,HV1,1,on_ramp,P21_HV1_1,P21_HV1.1.asc,HV1,60,initiator_active,3578,1,59633.33,59633.3334,1.0,1.0,24.647249,88.730098,161.0,12.967748,-1446.199153,0.224303,-0.142209,0.0,24.652934,0.007932,0.0,1446.207825,-34.10584,6.276301,1.0,0.0,0.0,0.0,1495.053729,-38.713003,1021.0,5006.0,0.0,160.0,-0.628336,35.371167,127.336202,35.371156,-0.027674,9.1e-05,-0.438345,0.058201,-0.000519,0.009263,0.0,0.0,0.0,0.0,0.0,0.0,-9999.0,-9999.0,-9999.0,-9999.0,-9999.0,-9999.0,-9999.0,-9999.0,-9999.0,-9999.0,-9999.0,-9999.0,-9999.0,-9999.0
P21_HV1_1_interaction,active_and_state_lat_and_long_zero_last_source_row_continuous_segment,P21,HV1,1,on_ramp,P21_HV1_1,P21_HV1.1.asc,HV1,60,initiator_active,3579,1,59650.0,59650.0006,1.0,1.0,24.651035,88.743726,161.0,13.378583,-1446.609927,0.225582,-0.145323,0.0,24.656681,0.008402,0.0,1446.618714,-34.10857,6.276186,1.0,0.0,0.0,0.0,1495.64324,-38.712953,1021.0,5006.0,0.0,160.0,-0.625468,35.363875,127.309952,35.363867,-0.024084,8.3e-05,-0.437179,0.045111,-0.000467,0.01099,0.0,0.0,0.0,0.0,0.0,0.0,-9999.0,-9999.0,-9999.0,-9999.0,-9999.0,-9999.0,-9999.0,-9999.0,-9999.0,-9999.0,-9999.0,-9999.0,-9999.0,-9999.0
P21_HV1_1_interaction,active_and_state_lat_and_long_zero_last_source_row_continuous_segment,P21,HV1,1,on_ramp,P21_HV1_1,P21_HV1.1.asc,HV1,60,initiator_active,3580,1,59666.67,59666.6674,1.0,1.0,24.654803,88.75729,161.0,13.789482,-1447.020766,0.225367,-0.148563,0.0,24.660439,0.008785,0.0,1447.029664,-34.11134,6.276071,1.0,0.0,0.0,0.0,1496.232628,-38.712888,1021.0,5006.0,0.0,160.0,-0.622569,35.356592,127.283732,35.356586,-0.020709,7.6e-05,-0.436882,0.031509,-0.000392,0.013188,0.0,0.0,0.0,0.0,0.0,0.0,-9999.0,-9999.0,-9999.0,-9999.0,-9999.0,-9999.0,-9999.0,-9999.0,-9999.0,-9999.0,-9999.0,-9999.0,-9999.0,-9999.0
P21_HV1_1_interaction,active_and_state_lat_and_long_zero_last_source_row_continuous_segment,P21,HV1,1,on_ramp,P21_HV1_1,P21_HV1.1.asc,HV1,60,initiator_active,3581,1,59683.33,59683.3341,1.0,1.0,24.65856,88.770816,161.0,14.200443,-1447.431668,0.221127,-0.151957,0.0,24.664193,0.009126,0.0,1447.440677,-34.114151,6.275957,1.0,0.0,0.0,0.0,1496.821896,-38.712813,1021.0,5006.0,0.0,160.0,-0.619643,35.349313,127.257525,35.349308,-0.01754,7e-05,-0.436724,0.017388,-0.000309,0.015857,0.0,0.0,0.0,0.0,0.0,0.0,-9999.0,-9999.0,-9999.0,-9999.0,-9999.0,-9999.0,-9999.0,-9999.0,-9999.0,-9999.0,-9999.0,-9999.0,-9999.0,-9999.0
P21_HV1_1_interaction,active_and_state_lat_and_long_zero_last_source_row_continuous_segment,P21,HV1,1,on_ramp,P21_HV1_1,P21_HV1.1.asc,HV1,60,initiator_active,3582,1,59700.0,59700.0006,1.0,1.0,24.662316,88.784338,161.0,14.611466,-1447.842633,0.221589,-0.15152,0.0,24.667852,0.00941,0.0,1447.851753,-34.117004,6.275842,1.0,0.0,0.0,0.0,1497.411042,-38.71273,1021.0,5006.0,0.0,160.0,-0.616692,35.342035,127.231326,35.342032,-0.014559,6.6e-05,-0.436614,0.003034,-0.000233,0.01884,0.0,0.0,0.0,0.0,0.0,0.0,-9999.0,-9999.0,-9999.0,-9999.0,-9999.0,-9999.0,-9999.0,-9999.0,-9999.0,-9999.0,-9999.0,-9999.0,-9999.0,-9999.0
P21_HV1_1_interaction,active_and_state_lat_and_long_zero_last_source_row_continuous_segment,P21,HV1,1,on_ramp,P21_HV1_1,P21_HV1.1.asc,HV1,60,initiator_active,3583,1,59716.68,59716.6791,1.0,1.0,24.666035,88.797726,161.0,15.022552,-1448.253661,0.222226,-0.156954,0.0,24.671536,0.009678,0.0,1448.262888,-34.1199,6.275728,1.0,0.0,0.0,0.0,1498.000066,-38.712643,1021.0,5006.0,0.0,160.0,-0.613719,35.334759,127.205134,35.334757,-0.011745,6.3e-05,-0.436523,-0.011936,-0.00017,0.022294,0.0,0.0,0.0,0.0,0.0,0.0,-9999.0,-9999.0,-9999.0,-9999.0,-9999.0,-9999.0,-9999.0,-9999.0,-9999.0,-9999.0,-9999.0,-9999.0,-9999.0,-9999.0
P21_HV1_1_interaction,active_and_state_lat_and_long_zero_last_source_row_continuous_segment,P21,HV1,1,on_ramp,P21_HV1_1,P21_HV1.1.asc,HV1,60,initiator_active,3584,1,59733.33,59733.334,1.0,1.0,24.669698,88.810913,161.0,15.433698,-1448.664751,0.221072,-0.158598,0.0,24.675259,0.009894,0.0,1448.674085,-34.12284,6.275614,1.0,0.0,0.0,0.0,1498.58897,-38.712557,1021.0,5006.0,0.0,160.0,-0.610728,35.327485,127.178946,35.327484,-0.00907,6e-05,-0.43644,-0.026604,-0.000125,0.025748,0.0,0.0,0.0,0.0,0.0,0.0,-9999.0,-9999.0,-9999.0,-9999.0,-9999.0,-9999.0,-9999.0,-9999.0,-9999.0,-9999.0,-9999.0,-9999.0,-9999.0,-9999.0
P21_HV1_1_interaction,active_and_state_lat_and_long_zero_last_source_row_continuous_segment,P21,HV1,1,on_ramp,P21_HV1_1,P21_HV1.1.asc,HV1,60,initiator_active,3585,1,59750.02,59750.0154,1.0,1.0,24.673387,88.824194,161.0,15.844906,-1449.075903,0.181725,-0.157074,0.0,24.678917,0.010086,0.0,1449.085344,-34.125823,6.275499,1.0,0.0,0.0,0.0,1499.177752,-38.712474,1021.0,5006.0,0.0,160.0,-0.607723,35.320147,127.15253,35.320147,-0.006549,4.4e-05,-0.436768,-0.043639,-0.00081,0.027318,0.0,0.0,0.0,0.0,0.0,0.0,-9999.0,-9999.0,-9999.0,-9999.0,-9999.0,-9999.0,-9999.0,-9999.0,-9999.0,-9999.0,-9999.0,-9999.0,-9999.0,-9999.0
P21_HV1_1_interaction,active_and_state_lat_and_long_zero_last_source_row_continuous_segment,P21,HV1,1,on_ramp,P21_HV1_1,P21_HV1.1.asc,HV1,60,initiator_active,3586,1,59766.67,59766.6732,1.0,1.0,24.6771,88.837562,161.0,16.256175,-1449.487118,0.229992,-0.153707,0.0,24.682028,0.010298,0.0,1449.496661,-34.128851,6.275385,1.0,0.0,0.0,0.0,1499.766412,-38.712398,1021.0,5006.0,0.0,160.0,-0.604707,35.312873,127.126343,35.312873,-0.004017,2.1e-05,-0.436404,-0.051542,-0.001789,0.027475,0.0,0.0,0.0,0.0,0.0,0.0,-9999.0,-9999.0,-9999.0,-9999.0,-9999.0,-9999.0,-9999.0,-9999.0,-9999.0,-9999.0,-9999.0,-9999.0,-9999.0,-9999.0
P21_HV1_1_interaction,active_and_state_lat_and_long_zero_last_source_row_continuous_segment,P21,HV1,1,on_ramp,P21_HV1_1,P21_HV1.1.asc,HV1,60,initiator_active,3587,1,59783.33,59783.3345,1.0,1.0,24.680431,88.849552,161.0,16.667503,-1449.898392,0.22468,-0.152795,0.0,24.685901,0.010546,0.0,1449.908032,-34.131922,6.27527,1.0,0.0,0.0,0.0,1500.35495,-38.712334,1021.0,5006.0,0.0,160.0,-0.601682,35.305601,127.100163,35.305601,-0.001434,-1.5e-05,-0.436307,-0.059126,-0.002273,0.02669,0.0,0.0,0.0,0.0,0.0,0.0,-9999.0,-9999.0,-9999.0,-9999.0,-9999.0,-9999.0,-9999.0,-9999.0,-9999.0,-9999.0,-9999.0,-9999.0,-9999.0,-9999.0
P21_HV1_1_interaction,active_and_state_lat_and_long_zero_last_source_row_continuous_segment,P21,HV1,1,on_ramp,P21_HV1_1,P21_HV1.1.asc,HV1,60,initiator_active,3588,1,59800.0,59800.0007,1.0,1.0,24.683944,88.862197,161.0,17.078885,-1450.309722,0.226176,-0.152795,0.0,24.689602,0.010785,0.0,1450.319467,-34.135037,6.275157,1.0,0.0,0.0,0.0,1500.943368,-38.712282,1021.0,1.0,0.523798,6.0,-0.598639,35.29833,127.073989,35.29833,0.001209,-5.4e-05,-0.43621,-0.063503,-0.002393,0.02512,0.0,0.002198,0.0,0.0,0.0,0.0,-9999.0,-9999.0,-9999.0,-9999.0,-9999.0,-9999.0,-9999.0,-9999.0,-9999.0,-9999.0,-9999.0,-9999.0,-9999.0,-9999.0
P21_HV1_1_interaction,active_and_state_lat_and_long_zero_last_source_row_continuous_segment,P21,HV1,1,on_ramp,P21_HV1_1,P21_HV1.1.asc,HV1,60,initiator_active,3589,1,59816.67,59816.6676,1.0,1.0,24.687773,88.875983,161.0,17.490332,-1450.721116,0.216009,-0.151761,0.0,24.693317,0.011013,0.0,1450.730964,-34.138194,6.275044,1.0,0.0,0.0,0.0,1501.531664,-38.712245,1021.0,1.0,1.112087,6.0,-0.595631,35.290802,127.046887,35.290802,0.003895,-9.3e-05,-0.45646,-0.071302,-0.002301,0.02512,0.0,0.002198,0.0,0.0,0.0,0.0,-9999.0,-9999.0,-9999.0,-9999.0,-9999.0,-9999.0,-9999.0,-9999.0,-9999.0,-9999.0,-9999.0,-9999.0,-9999.0,-9999.0
P21_HV1_1_interaction,active_and_state_lat_and_long_zero_last_source_row_continuous_segment,P21,HV1,1,on_ramp,P21_HV1_1,P21_HV1.1.asc,HV1,60,initiator_active,3590,1,59833.33,59833.3343,1.0,1.0,24.691486,88.88935,161.0,17.90184,-1451.132574,0.224799,-0.14985,0.0,24.696961,0.011238,0.0,1451.142522,-34.141394,6.274933,1.0,0.0,0.0,0.0,1502.119834,-38.712226,1021.0,1.0,1.700249,6.0,-0.592641,35.283156,127.019363,35.283156,0.006606,-0.000147,-0.44334,-0.072986,-0.003109,0.021352,0.0,0.0,0.0,0.0,0.0,0.0,-9999.0,-9999.0,-9999.0,-9999.0,-9999.0,-9999.0,-9999.0,-9999.0,-9999.0,-9999.0,-9999.0,-9999.0,-9999.0,-9999.0
P21_HV1_1_interaction,active_and_state_lat_and_long_zero_last_source_row_continuous_segment,P21,HV1,1,on_ramp,P21_HV1_1,P21_HV1.1.asc,HV1,60,initiator_active,3591,1,59850.0,59850.0009,1.0,1.0,24.695117,88.902421,161.0,18.313409,-1451.544093,0.22533,-0.146106,0.0,24.700712,0.011477,0.0,1451.55414,-34.144637,6.274824,1.0,0.0,0.0,0.0,1502.707878,-38.712225,1021.0,1.0,2.288286,6.0,-0.589671,35.275849,126.993055,35.275848,0.009282,-0.000208,-0.437096,-0.076654,-0.003899,0.019468,0.0,0.0,0.0,0.0,0.0,0.0,-9999.0,-9999.0,-9999.0,-9999.0,-9999.0,-9999.0,-9999.0,-9999.0,-9999.0,-9999.0,-9999.0,-9999.0,-9999.0,-9999.0
P21_HV1_1_interaction,active_and_state_lat_and_long_zero_last_source_row_continuous_segment,P21,HV1,1,on_ramp,P21_HV1_1,P21_HV1.1.asc,HV1,60,initiator_active,3592,1,59866.67,59866.6668,1.0,1.0,24.698834,88.915802,161.0,18.725039,-1451.955674,0.222066,-0.141212,0.0,24.704431,0.011699,0.0,1451.965821,-34.14792,6.274717,1.0,0.0,0.0,0.0,1503.2958,-38.712246,1021.0,1.0,2.876201,6.0,-0.586723,35.268575,126.966871,35.268573,0.011887,-0.000272,-0.436073,-0.079679,-0.003723,0.017427,0.0,0.0,0.0,0.0,0.0,0.0,-9999.0,-9999.0,-9999.0,-9999.0,-9999.0,-9999.0,-9999.0,-9999.0,-9999.0,-9999.0,-9999.0,-9999.0,-9999.0,-9999.0
P21_HV1_1_interaction,active_and_state_lat_and_long_zero_last_source_row_continuous_segment,P21,HV1,1,on_ramp,P21_HV1_1,P21_HV1.1.asc,HV1,60,initiator_active,3593,1,59883.36,59883.3603,1.0,1.0,24.702589,88.92932,161.0,19.136731,-1452.367318,0.219129,-0.134112,0.0,24.708085,0.011965,0.0,1452.377563,-34.151243,6.274613,1.0,0.0,0.0,0.0,1503.883601,-38.712289,1021.0,1.0,3.463994,6.0,-0.583797,35.261311,126.94072,35.261308,0.014383,-0.000327,-0.435698,-0.083518,-0.003027,0.015857,0.0,0.0,0.0,0.0,0.0,0.0,-9999.0,-9999.0,-9999.0,-9999.0,-9999.0,-9999.0,-9999.0,-9999.0,-9999.0,-9999.0,-9999.0,-9999.0,-9999.0,-9999.0
P21_HV1_1_interaction,active_and_state_lat_and_long_zero_last_source_row_continuous_segment,P21,HV1,1,on_ramp,P21_HV1_1,P21_HV1.1.asc,HV1,60,initiator_active,3594,1,59900.0,59900.0009,1.0,1.0,24.706281,88.942613,161.0,19.548485,-1452.779024,0.225141,-0.126173,0.0,24.711777,0.012211,0.0,1452.789366,-34.154603,6.274513,1.0,0.0,0.0,0.0,1504.47128,-38.712355,1021.0,1.0,4.051666,6.0,-0.580896,35.254051,126.914583,35.254047,0.016724,-0.000369,-0.435523,-0.08846,-0.002148,0.014915,0.0,0.0,0.0,0.0,0.0,0.0,-9999.0,-9999.0,-9999.0,-9999.0,-9999.0,-9999.0,-9999.0,-9999.0,-9999.0,-9999.0,-9999.0,-9999.0,-9999.0,-9999.0
P21_HV1_1_interaction,active_and_state_lat_and_long_zero_last_source_row_continuous_segment,P21,HV1,1,on_ramp,P21_HV1_1,P21_HV1.1.asc,HV1,60,initiator_active,3595,1,59916.67,59916.6676,1.0,1.0,24.70991,88.955677,161.0,19.9603,-1453.190792,0.224979,-0.11842,0.0,24.715528,0.012459,0.0,1453.20123,-34.158,6.274418,1.0,0.0,0.0,0.0,1505.058839,-38.712447,1021.0,1.0,4.639217,6.0,-0.578021,35.246793,126.888454,35.246788,0.01888,-0.000396,-0.435412,-0.093249,-0.00128,0.01413,0.0,0.0,0.0,0.0,0.0,0.0,-9999.0,-9999.0,-9999.0,-9999.0,-9999.0,-9999.0,-9999.0,-9999.0,-9999.0,-9999.0,-9999.0,-9999.0,-9999.0,-9999.0
P21_HV1_1_interaction,active_and_state_lat_and_long_zero_last_source_row_continuous_segment,P21,HV1,1,on_ramp,P21_HV1_1,P21_HV1.1.asc,HV1,60,initiator_active,3596,1,59933.33,59933.3334,1.0,1.0,24.713653,88.969149,161.0,20.372176,-1453.602623,0.227531,-0.112447,0.0,24.719308,0.012703,0.0,1453.613157,-34.16143,6.274328,1.0,0.0,0.0,0.0,1505.646276,-38.712566,1021.0,1.0,5.226648,6.0,-0.575173,35.239536,126.86233,35.23953,0.020829,-0.00041,-0.435322,-0.099366,-0.000515,0.01413,0.0,0.002198,0.0,0.0,0.0,0.0,-9999.0,-9999.0,-9999.0,-9999.0,-9999.0,-9999.0,-9999.0,-9999.0,-9999.0,-9999.0,-9999.0,-9999.0,-9999.0,-9999.0
P21_HV1_1_interaction,active_and_state_lat_and_long_zero_last_source_row_continuous_segment,P21,HV1,1,on_ramp,P21_HV1_1,P21_HV1.1.asc,HV1,60,initiator_active,3597,1,59950.0,59950.0011,1.0,1.0,24.717403,88.982649,161.0,20.784115,-1454.014516,0.224254,-0.101701,0.0,24.723078,0.012939,0.0,1454.025147,-34.164892,6.274246,1.0,0.0,0.0,0.0,1506.233592,-38.712713,1021.0,1.0,5.813957,6.0,-0.572355,35.232015,126.835254,35.232008,0.02256,-0.000412,-0.455902,-0.104852,7.9e-05,0.014601,0.0,0.0,0.0,0.0,0.0,0.0,-9999.0,-9999.0,-9999.0,-9999.0,-9999.0,-9999.0,-9999.0,-9999.0,-9999.0,-9999.0,-9999.0,-9999.0,-9999.0,-9999.0
P21_HV1_1_interaction,active_and_state_lat_and_long_zero_last_source_row_continuous_segment,P21,HV1,1,on_ramp,P21_HV1_1,P21_HV1.1.asc,HV1,60,initiator_active,3598,1,59966.67,59966.6678,1.0,1.0,24.721204,88.996334,161.0,21.196116,-1454.426473,0.224085,-0.090269,0.0,24.726813,0.013138,0.0,1454.437198,-34.168383,6.274171,1.0,0.0,0.0,0.0,1506.820783,-38.712891,1021.0,1.0,6.401142,6.0,-0.569567,35.22467,126.808812,35.224662,0.024077,-0.000406,-0.43615,-0.110733,0.000524,0.015543,0.0,0.0,0.0,0.0,0.0,0.0,-9999.0,-9999.0,-9999.0,-9999.0,-9999.0,-9999.0,-9999.0,-9999.0,-9999.0,-9999.0,-9999.0,-9999.0,-9999.0,-9999.0
P21_HV1_1_interaction,active_and_state_lat_and_long_zero_last_source_row_continuous_segment,P21,HV1,1,on_ramp,P21_HV1_1,P21_HV1.1.asc,HV1,60,initiator_active,3599,1,59983.33,59983.3341,1.0,1.0,24.724946,89.009807,161.0,21.60818,-1454.838494,0.224053,-0.081878,0.0,24.730547,0.0133,0.0,1454.849312,-34.171899,6.274105,1.0,0.0,0.0,0.0,1507.440464,-38.713112,1021.0,1.0,7.020816,6.0,-0.566658,35.217007,126.781226,35.216998,0.025447,-0.000393,-0.435272,-0.117146,0.000863,0.016328,0.0,0.002198,0.0,0.0,0.0,0.0,-9999.0,-9999.0,-9999.0,-9999.0,-9999.0,-9999.0,-9999.0,-9999.0,-9999.0,-9999.0,-9999.0,-9999.0,-9999.0,-9999.0
P21_HV1_1_interaction,active_and_state_lat_and_long_zero_last_source_row_continuous_segment,P21,HV1,1,on_ramp,P21_HV1_1,P21_HV1.1.asc,HV1,60,initiator_active,3600,1,60000.0,60000.0006,1.0,1.0,24.72868,89.023249,161.0,22.020306,-1455.250577,0.227947,-0.07164,0.0,24.73428,0.013379,0.0,1455.261488,-34.175437,6.274048,1.0,0.0,0.0,0.0,1507.9948,-38.713341,1021.0,1.0,7.575146,6.0,-0.564088,35.20991,126.755677,35.2099,0.026479,-0.000377,-0.455561,-0.123278,0.001073,0.017427,0.0,0.0,0.0,0.0,0.0,0.0,-9999.0,-9999.0,-9999.0,-9999.0,-9999.0,-9999.0,-9999.0,-9999.0,-9999.0,-9999.0,-9999.0,-9999.0,-9999.0,-9999.0
P21_HV1_1_interaction,active_and_state_lat_and_long_zero_last_source_row_continuous_segment,P21,HV1,1,on_ramp,P21_HV1_1,P21_HV1.1.asc,HV1,60,initiator_active,3601,1,60016.67,60016.6677,1.0,1.0,24.732414,89.03669,161.0,22.432494,-1455.662722,0.21743,-0.066775,0.0,24.738036,0.013343,0.0,1455.673727,-34.178995,6.274003,1.0,0.0,0.0,0.0,1508.581623,-38.713617,1021.0,1.0,8.161963,6.0,-0.5614,35.202569,126.729249,35.202559,0.027378,-0.000358,-0.435896,-0.131439,0.001225,0.019468,0.0,0.0,0.0,0.0,0.0,0.0,-9999.0,-9999.0,-9999.0,-9999.0,-9999.0,-9999.0,-9999.0,-9999.0,-9999.0,-9999.0,-9999.0,-9999.0,-9999.0,-9999.0
P21_HV1_1_interaction,active_and_state_lat_and_long_zero_last_source_row_continuous_segment,P21,HV1,1,on_ramp,P21_HV1_1,P21_HV1.1.asc,HV1,60,initiator_active,3602,1,60033.34,60033.3352,1.0,1.0,24.73618,89.050247,161.0,22.844745,-1456.07493,0.223318,-0.058733,0.0,24.741684,0.013145,0.0,1456.086027,-34.182571,6.273967,1.0,0.0,0.0,0.0,1509.168323,-38.713929,1021.0,1.0,8.748657,6.0,-0.55875,35.195313,126.703128,35.195302,0.028093,-0.000337,-0.435041,-0.138721,0.001319,0.021352,0.0,0.0,0.0,0.0,0.0,0.0,-9999.0,-9999.0,-9999.0,-9999.0,-9999.0,-9999.0,-9999.0,-9999.0,-9999.0,-9999.0,-9999.0,-9999.0,-9999.0,-9999.0
P21_HV1_1_interaction,active_and_state_lat_and_long_zero_last_source_row_continuous_segment,P21,HV1,1,on_ramp,P21_HV1_1,P21_HV1.1.asc,HV1,60,initiator_active,3603,1,60050.0,60050.0041,1.0,1.0,24.739848,89.063453,161.0,23.257057,-1456.4872,0.224006,-0.050012,0.0,24.745411,0.01282,0.0,1456.498388,-34.186162,6.273942,1.0,0.0,0.0,0.0,1509.754903,-38.714278,1021.0,1.0,9.335231,6.0,-0.556137,35.188064,126.677029,35.188052,0.028674,-0.000314,-0.434801,-0.144431,0.001391,0.022765,0.0,0.0,0.0,0.0,0.0,0.0,-9999.0,-9999.0,-9999.0,-9999.0,-9999.0,-9999.0,-9999.0,-9999.0,-9999.0,-9999.0,-9999.0,-9999.0,-9999.0,-9999.0
P21_HV1_1_interaction,active_and_state_lat_and_long_zero_last_source_row_continuous_segment,P21,HV1,1,on_ramp,P21_HV1_1,P21_HV1.1.asc,HV1,60,initiator_active,3604,1,60066.67,60066.6675,1.0,1.0,24.743545,89.076762,161.0,23.66943,-1456.899532,0.226688,-0.041055,0.0,24.749177,0.012381,0.0,1456.910811,-34.189767,6.273927,1.0,0.0,0.0,0.0,1510.341361,-38.714667,1021.0,1.0,9.921684,6.0,-0.553564,35.180817,126.65094,35.180805,0.02918,-0.000291,-0.43466,-0.146374,0.001427,0.022765,0.0,0.0,0.0,0.0,0.0,0.0,-9999.0,-9999.0,-9999.0,-9999.0,-9999.0,-9999.0,-9999.0,-9999.0,-9999.0,-9999.0,-9999.0,-9999.0,-9999.0,-9999.0
P21_HV1_1_interaction,active_and_state_lat_and_long_zero_last_source_row_continuous_segment,P21,HV1,1,on_ramp,P21_HV1_1,P21_HV1.1.asc,HV1,60,initiator_active,3605,1,60083.34,60083.3351,1.0,1.0,24.747278,89.090201,161.0,24.081866,-1457.311926,0.219488,-0.037138,0.0,24.752934,0.011836,0.0,1457.323297,-34.193383,6.273922,1.0,0.0,0.0,0.0,1510.927699,-38.715096,1021.0,1.0,10.508016,6.0,-0.551032,35.173571,126.624857,35.173559,0.029601,-0.000267,-0.434564,-0.15355,0.00144,0.024963,0.0,0.0,0.0,0.0,0.0,0.0,-9999.0,-9999.0,-9999.0,-9999.0,-9999.0,-9999.0,-9999.0,-9999.0,-9999.0,-9999.0,-9999.0,-9999.0,-9999.0,-9999.0
P21_HV1_1_interaction,active_and_state_lat_and_long_zero_last_source_row_continuous_segment,P21,HV1,1,on_ramp,P21_HV1_1,P21_HV1.1.asc,HV1,60,initiator_active,3606,1,60100.0,60100.0002,1.0,1.0,24.751066,89.103837,161.0,24.494364,-1457.724384,0.216071,-0.029779,0.0,24.756567,0.011142,0.0,1457.735845,-34.197009,6.273927,1.0,0.0,0.0,0.0,1511.513916,-38.715567,1021.0,1.0,11.094228,6.0,-0.548543,35.166328,126.598779,35.166315,0.029983,-0.000243,-0.434469,-0.156287,0.001424,0.025434,0.0,0.0,0.0,0.0,0.0,0.0,-9999.0,-9999.0,-9999.0,-9999.0,-9999.0,-9999.0,-9999.0,-9999.0,-9999.0,-9999.0,-9999.0,-9999.0,-9999.0,-9999.0
P21_HV1_1_interaction,active_and_state_lat_and_long_zero_last_source_row_continuous_segment,P21,HV1,1,on_ramp,P21_HV1_1,P21_HV1.1.asc,HV1,60,initiator_active,3607,1,60116.67,60116.6674,1.0,1.0,24.754763,89.117145,161.0,24.906924,-1458.136903,0.22447,-0.027652,0.0,24.76017,0.010327,0.0,1458.148453,-34.200643,6.27394,1.0,0.0,0.0,0.0,1512.100012,-38.71608,1021.0,1.0,11.680319,6.0,-0.546096,35.159085,126.572707,35.159072,0.030359,-0.000219,-0.434373,-0.157797,0.001389,0.025434,0.0,0.002198,0.0,0.0,0.0,0.0,-9999.0,-9999.0,-9999.0,-9999.0,-9999.0,-9999.0,-9999.0,-9999.0,-9999.0,-9999.0,-9999.0,-9999.0,-9999.0,-9999.0
P21_HV1_1_interaction,active_and_state_lat_and_long_zero_last_source_row_continuous_segment,P21,HV1,1,on_ramp,P21_HV1_1,P21_HV1.1.asc,HV1,60,initiator_active,3608,1,60133.33,60133.3342,1.0,1.0,24.758367,89.130122,161.0,25.319544,-1458.549483,0.220583,-0.024782,0.0,24.763928,0.009371,0.0,1458.561122,-34.204284,6.27396,1.0,0.0,0.0,0.0,1512.685987,-38.716635,1021.0,1.0,12.266289,6.0,-0.543692,35.151579,126.545684,35.151565,0.030738,-0.000197,-0.454951,-0.159265,0.001318,0.02512,0.0,0.0,0.0,0.0,0.0,0.0,-9999.0,-9999.0,-9999.0,-9999.0,-9999.0,-9999.0,-9999.0,-9999.0,-9999.0,-9999.0,-9999.0,-9999.0,-9999.0,-9999.0
P21_HV1_1_interaction,active_and_state_lat_and_long_zero_last_source_row_continuous_segment,P21,HV1,1,on_ramp,P21_HV1_1,P21_HV1.1.asc,HV1,60,initiator_active,3609,1,60150.02,60150.0217,1.0,1.0,24.76204,89.143345,161.0,25.732225,-1458.962124,0.220339,-0.020816,0.0,24.767575,0.008335,0.0,1458.973853,-34.207931,6.273986,1.0,0.0,0.0,0.0,1513.271837,-38.717235,1021.0,1.0,12.852136,6.0,-0.541333,35.144249,126.519295,35.144235,0.031116,-0.000176,-0.435178,-0.160748,0.001237,0.02512,0.0,0.0,0.0,0.0,0.0,0.0,-9999.0,-9999.0,-9999.0,-9999.0,-9999.0,-9999.0,-9999.0,-9999.0,-9999.0,-9999.0,-9999.0,-9999.0,-9999.0,-9999.0
P21_HV1_1_interaction,active_and_state_lat_and_long_zero_last_source_row_continuous_segment,P21,HV1,1,on_ramp,P21_HV1_1,P21_HV1.1.asc,HV1,60,initiator_active,3610,1,60166.67,60166.6672,1.0,1.0,24.765766,89.156758,161.0,26.144968,-1459.374827,0.223909,-0.018112,0.0,24.771272,0.007249,0.0,1459.386645,-34.211585,6.274017,1.0,0.0,0.0,0.0,1513.857566,-38.717878,1021.0,1.0,13.43786,6.0,-0.539018,35.137004,126.493215,35.13699,0.031491,-0.000156,-0.434313,-0.162186,0.001167,0.024806,0.0,0.0,0.0,0.0,0.0,0.0,-9999.0,-9999.0,-9999.0,-9999.0,-9999.0,-9999.0,-9999.0,-9999.0,-9999.0,-9999.0,-9999.0,-9999.0,-9999.0,-9999.0
P21_HV1_1_interaction,active_and_state_lat_and_long_zero_last_source_row_continuous_segment,P21,HV1,1,on_ramp,P21_HV1_1,P21_HV1.1.asc,HV1,60,initiator_active,3611,1,60183.33,60183.3342,1.0,1.0,24.769411,89.169879,161.0,26.557772,-1459.787591,0.156211,-0.016224,0.0,24.775004,0.00611,0.0,1459.799498,-34.215244,6.27405,1.0,0.0,0.0,0.0,1514.443173,-38.718565,1021.0,1.0,14.023463,6.0,-0.536748,35.129766,126.467158,35.129752,0.03186,-0.000137,-0.434063,-0.163587,0.001131,0.024492,0.0,0.0,0.0,0.0,0.0,0.0,-9999.0,-9999.0,-9999.0,-9999.0,-9999.0,-9999.0,-9999.0,-9999.0,-9999.0,-9999.0,-9999.0,-9999.0,-9999.0,-9999.0
P21_HV1_1_interaction,active_and_state_lat_and_long_zero_last_source_row_continuous_segment,P21,HV1,1,on_ramp,P21_HV1_1,P21_HV1.1.asc,HV1,60,initiator_active,3612,1,60200.0,60200.0008,1.0,1.0,24.773138,89.183297,161.0,26.970638,-1460.200417,0.163872,-0.010686,0.0,24.777197,0.004999,0.0,1460.212409,-34.218908,6.274086,1.0,0.0,0.0,0.0,1515.028659,-38.719297,1021.0,1.0,14.608946,6.0,-0.534524,35.122531,126.441112,35.122516,0.032221,-0.000118,-0.433918,-0.164701,0.001107,0.024335,0.0,0.0,0.0,0.0,0.0,0.0,-9999.0,-9999.0,-9999.0,-9999.0,-9999.0,-9999.0,-9999.0,-9999.0,-9999.0,-9999.0,-9999.0,-9999.0,-9999.0,-9999.0
P21_HV1_1_interaction,active_and_state_lat_and_long_zero_last_source_row_continuous_segment,P21,HV1,1,on_ramp,P21_HV1_1,P21_HV1.1.asc,HV1,60,initiator_active,3613,1,60216.67,60216.6673,1.0,1.0,24.776306,89.194701,161.0,27.383561,-1460.613301,0.233564,-0.010662,0.0,24.780405,0.003945,0.0,1460.625358,-34.222576,6.274122,1.0,0.0,0.0,0.0,1515.614025,-38.720075,1021.0,1.0,15.194308,6.0,-0.532345,35.115298,126.415072,35.115283,0.032573,-0.0001,-0.433808,-0.166009,0.001082,0.024335,0.0,0.0,0.0,0.0,0.0,0.0,-9999.0,-9999.0,-9999.0,-9999.0,-9999.0,-9999.0,-9999.0,-9999.0,-9999.0,-9999.0,-9999.0,-9999.0,-9999.0,-9999.0
P21_HV1_1_interaction,active_and_state_lat_and_long_zero_last_source_row_continuous_segment,P21,HV1,1,on_ramp,P21_HV1_1,P21_HV1.1.asc,HV1,60,initiator_active,3614,1,60233.33,60233.3335,1.0,1.0,24.778563,89.202826,161.0,27.796521,-1461.026221,0.223088,-0.006686,0.0,24.784252,0.002921,0.0,1461.038364,-34.226247,6.274157,1.0,0.0,0.0,0.0,1516.199271,-38.720898,1021.0,1.0,15.77955,6.0,-0.530213,35.108066,126.389039,35.108051,0.032912,-8.2e-05,-0.433709,-0.167261,0.001049,0.024335,0.0,0.0,0.0,0.0,0.0,0.0,-9999.0,-9999.0,-9999.0,-9999.0,-9999.0,-9999.0,-9999.0,-9999.0,-9999.0,-9999.0,-9999.0,-9999.0,-9999.0,-9999.0
P21_HV1_1_interaction,active_and_state_lat_and_long_zero_last_source_row_continuous_segment,P21,HV1,1,on_ramp,P21_HV1_1,P21_HV1.1.asc,HV1,60,initiator_active,3615,1,60250.0,60250.0006,1.0,1.0,24.782351,89.216464,161.0,28.209539,-1461.439201,0.22409,0.001291,0.0,24.787953,0.00199,0.0,1461.451434,-34.229921,6.274192,1.0,0.0,0.0,0.0,1516.784395,-38.721767,1021.0,1.0,16.364672,6.0,-0.528126,35.100836,126.363011,35.100821,0.033235,-6.5e-05,-0.433613,-0.168449,0.001006,0.024335,0.0,0.0,0.0,0.0,0.0,0.0,-9999.0,-9999.0,-9999.0,-9999.0,-9999.0,-9999.0,-9999.0,-9999.0,-9999.0,-9999.0,-9999.0,-9999.0,-9999.0,-9999.0
P21_HV1_1_interaction,active_and_state_lat_and_long_zero_last_source_row_continuous_segment,P21,HV1,1,on_ramp,P21_HV1_1,P21_HV1.1.asc,HV1,60,initiator_active,3616,1,60266.67,60266.6669,1.0,1.0,24.786111,89.230001,161.0,28.622621,-1461.852243,0.215911,0.005919,0.0,24.791676,0.001217,0.0,1461.864565,-34.233596,6.274224,1.0,0.0,0.0,0.0,1517.369399,-38.722682,1021.0,1.0,16.949673,6.0,-0.526087,35.093608,126.336988,35.093592,0.033548,-4.9e-05,-0.433516,-0.168803,0.000952,0.024021,0.0,0.0,0.0,0.0,0.0,0.0,-9999.0,-9999.0,-9999.0,-9999.0,-9999.0,-9999.0,-9999.0,-9999.0,-9999.0,-9999.0,-9999.0,-9999.0,-9999.0,-9999.0
P21_HV1_1_interaction,active_and_state_lat_and_long_zero_last_source_row_continuous_segment,P21,HV1,1,on_ramp,P21_HV1_1,P21_HV1.1.asc,HV1,60,initiator_active,3617,1,60283.33,60283.3342,1.0,1.0,24.789821,89.243355,161.0,29.035765,-1462.265347,0.219702,0.00862,0.0,24.795244,0.000554,0.0,1462.277758,-34.237272,6.274255,1.0,0.0,0.0,0.0,1517.954283,-38.723643,1021.0,1.0,17.534554,6.0,-0.524095,35.086381,126.310972,35.086365,0.033852,-3.4e-05,-0.433419,-0.169097,0.00089,0.023707,0.0,0.0,0.0,0.0,0.0,0.0,-9999.0,-9999.0,-9999.0,-9999.0,-9999.0,-9999.0,-9999.0,-9999.0,-9999.0,-9999.0,-9999.0,-9999.0,-9999.0,-9999.0
P21_HV1_1_interaction,active_and_state_lat_and_long_zero_last_source_row_continuous_segment,P21,HV1,1,on_ramp,P21_HV1_1,P21_HV1.1.asc,HV1,60,initiator_active,3618,1,60300.0,60300.0006,1.0,1.0,24.793475,89.25651,161.0,29.448969,-1462.678513,0.230687,0.014411,0.0,24.798955,5e-06,0.0,1462.691011,-34.240947,6.274284,1.0,0.0,0.0,0.0,1518.539046,-38.724652,1021.0,1.0,18.119315,6.0,-0.52215,35.079156,126.284961,35.079139,0.034153,-1.9e-05,-0.433318,-0.167795,0.00082,0.022765,0.0,0.0,0.0,0.0,0.0,0.0,-9999.0,-9999.0,-9999.0,-9999.0,-9999.0,-9999.0,-9999.0,-9999.0,-9999.0,-9999.0,-9999.0,-9999.0,-9999.0,-9999.0
P21_HV1_1_interaction,active_and_state_lat_and_long_zero_last_source_row_continuous_segment,P21,HV1,1,on_ramp,P21_HV1_1,P21_HV1.1.asc,HV1,60,initiator_active,3619,1,60316.67,60316.6668,1.0,1.0,24.797075,89.26947,161.0,29.862234,-1463.091739,0.223663,0.015044,0.0,24.802757,-0.000431,0.0,1463.104326,-34.244619,6.274311,1.0,0.0,0.0,0.0,1519.123689,-38.725707,1021.0,1.0,18.703955,6.0,-0.520253,35.071932,126.258957,35.071915,0.034445,-6e-06,-0.43322,-0.167592,0.000752,0.022294,0.0,0.002198,0.0,0.0,0.0,0.0,-9999.0,-9999.0,-9999.0,-9999.0,-9999.0,-9999.0,-9999.0,-9999.0,-9999.0,-9999.0,-9999.0,-9999.0,-9999.0,-9999.0
P21_HV1_1_interaction,active_and_state_lat_and_long_zero_last_source_row_continuous_segment,P21,HV1,1,on_ramp,P21_HV1_1,P21_HV1.1.asc,HV1,60,initiator_active,3620,1,60333.34,60333.3396,1.0,1.0,24.800878,89.28316,161.0,30.275561,-1463.505027,0.225409,0.020342,0.0,24.806497,-0.000802,0.0,1463.517705,-34.248289,6.274337,1.0,0.0,0.0,0.0,1519.70821,-38.726808,1021.0,1.0,19.288475,6.0,-0.518403,35.064444,126.232,35.064427,0.034709,5e-06,-0.453801,-0.167306,0.000657,0.021823,0.0,0.0,0.0,0.0,0.0,0.0,-9999.0,-9999.0,-9999.0,-9999.0,-9999.0,-9999.0,-9999.0,-9999.0,-9999.0,-9999.0,-9999.0,-9999.0,-9999.0,-9999.0
P21_HV1_1_interaction,active_and_state_lat_and_long_zero_last_source_row_continuous_segment,P21,HV1,1,on_ramp,P21_HV1_1,P21_HV1.1.asc,HV1,60,initiator_active,3621,1,60350.0,60350.0006,1.0,1.0,24.804621,89.296634,161.0,30.688951,-1463.918378,0.225061,0.020329,0.0,24.810253,-0.001059,0.0,1463.931145,-34.251954,6.274361,1.0,0.0,0.0,0.0,1520.292608,-38.727957,1021.0,1.0,19.872871,6.0,-0.5166,35.057133,126.20568,35.057116,0.034941,1.5e-05,-0.434013,-0.16693,0.000565,0.021352,0.0,0.0,0.0,0.0,0.0,0.0,-9999.0,-9999.0,-9999.0,-9999.0,-9999.0,-9999.0,-9999.0,-9999.0,-9999.0,-9999.0,-9999.0,-9999.0,-9999.0,-9999.0
P21_HV1_1_interaction,active_and_state_lat_and_long_zero_last_source_row_continuous_segment,P21,HV1,1,on_ramp,P21_HV1_1,P21_HV1.1.asc,HV1,60,initiator_active,3622,1,60366.67,60366.6668,1.0,1.0,24.808376,89.310152,161.0,31.102404,-1464.331791,0.228613,0.019672,0.0,24.814002,-0.0013,0.0,1464.344649,-34.255614,6.274385,1.0,0.0,0.0,0.0,1520.876883,-38.729152,1021.0,1.0,20.457145,6.0,-0.514845,35.049908,126.179668,35.04989,0.035133,2.4e-05,-0.433151,-0.166801,0.000488,0.021038,0.0,0.0,0.0,0.0,0.0,0.0,-9999.0,-9999.0,-9999.0,-9999.0,-9999.0,-9999.0,-9999.0,-9999.0,-9999.0,-9999.0,-9999.0,-9999.0,-9999.0,-9999.0
P21_HV1_1_interaction,active_and_state_lat_and_long_zero_last_source_row_continuous_segment,P21,HV1,1,on_ramp,P21_HV1_1,P21_HV1.1.asc,HV1,60,initiator_active,3623,1,60383.33,60383.334,1.0,1.0,24.812128,89.323662,161.0,31.515919,-1464.745267,0.224681,0.015364,0.0,24.817802,-0.001528,0.0,1464.758215,-34.259269,6.274406,1.0,0.0,0.0,0.0,1521.461038,-38.730393,1021.0,1.0,21.041298,6.0,-0.513136,35.042689,126.153679,35.042671,0.03528,3.2e-05,-0.432899,-0.166535,0.000447,0.020724,0.0,0.0,0.0,0.0,0.0,0.0,-9999.0,-9999.0,-9999.0,-9999.0,-9999.0,-9999.0,-9999.0,-9999.0,-9999.0,-9999.0,-9999.0,-9999.0,-9999.0,-9999.0
P21_HV1_1_interaction,active_and_state_lat_and_long_zero_last_source_row_continuous_segment,P21,HV1,1,on_ramp,P21_HV1_1,P21_HV1.1.asc,HV1,60,initiator_active,3624,1,60400.0,60400.0001,1.0,1.0,24.815907,89.337266,161.0,31.929496,-1465.158806,0.227627,0.016315,0.0,24.82154,-0.001758,0.0,1465.171844,-34.262921,6.274427,1.0,0.0,0.0,0.0,1522.045072,-38.731682,1021.0,1.0,21.625332,6.0,-0.511475,35.035473,126.127702,35.035455,0.035377,3.9e-05,-0.432756,-0.166893,0.000423,0.020724,0.0,0.0,0.0,0.0,0.0,0.0,-9999.0,-9999.0,-9999.0,-9999.0,-9999.0,-9999.0,-9999.0,-9999.0,-9999.0,-9999.0,-9999.0,-9999.0,-9999.0,-9999.0
P21_HV1_1_interaction,active_and_state_lat_and_long_zero_last_source_row_continuous_segment,P21,HV1,1,on_ramp,P21_HV1_1,P21_HV1.1.asc,HV1,60,initiator_active,3625,1,60416.67,60416.6668,1.0,1.0,24.819674,89.350827,161.0,32.343137,-1465.572407,0.227789,0.015771,0.0,24.825324,-0.001939,0.0,1465.585536,-34.266569,6.274445,1.0,0.0,0.0,0.0,1522.628986,-38.733017,1021.0,1.0,22.209245,6.0,-0.509861,35.028259,126.101731,35.028241,0.035424,4.6e-05,-0.432644,-0.166329,0.0004,0.02041,0.0,0.002198,0.0,0.0,0.0,0.0,-9999.0,-9999.0,-9999.0,-9999.0,-9999.0,-9999.0,-9999.0,-9999.0,-9999.0,-9999.0,-9999.0,-9999.0,-9999.0,-9999.0
P21_HV1_1_interaction,active_and_state_lat_and_long_zero_last_source_row_continuous_segment,P21,HV1,1,on_ramp,P21_HV1_1,P21_HV1.1.asc,HV1,60,initiator_active,3626,1,60433.33,60433.3344,1.0,1.0,24.823437,89.364373,161.0,32.756841,-1465.986071,0.217523,0.013538,0.0,24.829039,-0.002082,0.0,1465.999291,-34.270213,6.274461,1.0,0.0,0.0,0.0,1523.212779,-38.734398,1021.0,1.0,22.793038,6.0,-0.508295,35.02078,126.074808,35.020762,0.035431,5.2e-05,-0.453226,-0.165607,0.000347,0.020096,0.0,0.0,0.0,0.0,0.0,0.0,-9999.0,-9999.0,-9999.0,-9999.0,-9999.0,-9999.0,-9999.0,-9999.0,-9999.0,-9999.0,-9999.0,-9999.0,-9999.0,-9999.0
P21_HV1_1_interaction,active_and_state_lat_and_long_zero_last_source_row_continuous_segment,P21,HV1,1,on_ramp,P21_HV1_1,P21_HV1.1.asc,HV1,60,initiator_active,3627,1,60450.0,60450.0007,1.0,1.0,24.827222,89.377999,161.0,33.170607,-1466.399798,0.222833,0.012453,0.0,24.8327,-0.002222,0.0,1466.413107,-34.273854,6.274475,1.0,0.0,0.0,0.0,1523.796449,-38.735826,1021.0,1.0,23.376707,6.0,-0.506775,35.013479,126.048523,35.013461,0.035397,5.7e-05,-0.433431,-0.164776,0.000286,0.019782,0.0,0.0,0.0,0.0,0.0,0.0,-9999.0,-9999.0,-9999.0,-9999.0,-9999.0,-9999.0,-9999.0,-9999.0,-9999.0,-9999.0,-9999.0,-9999.0,-9999.0,-9999.0
P21_HV1_1_interaction,active_and_state_lat_and_long_zero_last_source_row_continuous_segment,P21,HV1,1,on_ramp,P21_HV1_1,P21_HV1.1.asc,HV1,60,initiator_active,3628,1,60466.67,60466.6668,1.0,1.0,24.830852,89.391067,161.0,33.584435,-1466.813587,0.214102,0.009581,0.0,24.836316,-0.002322,0.0,1466.826985,-34.277493,6.274487,1.0,0.0,0.0,0.0,1524.379996,-38.7373,1021.0,1.0,23.960254,6.0,-0.505302,35.006263,126.022546,35.006245,0.035322,6.1e-05,-0.432571,-0.163806,0.000232,0.019468,0.0,0.002198,0.0,0.0,0.0,0.0,-9999.0,-9999.0,-9999.0,-9999.0,-9999.0,-9999.0,-9999.0,-9999.0,-9999.0,-9999.0,-9999.0,-9999.0,-9999.0,-9999.0
P21_HV1_1_interaction,active_and_state_lat_and_long_zero_last_source_row_continuous_segment,P21,HV1,1,on_ramp,P21_HV1_1,P21_HV1.1.asc,HV1,60,initiator_active,3629,1,60483.33,60483.3335,1.0,1.0,24.834557,89.404406,161.0,33.998324,-1467.227436,0.216145,0.005538,0.0,24.839912,-0.002406,0.0,1467.240922,-34.28113,6.274497,1.0,0.0,0.0,0.0,1524.963422,-38.73882,1021.0,1.0,24.54368,6.0,-0.503876,34.998787,125.995634,34.99877,0.035208,6.5e-05,-0.453005,-0.162701,0.000181,0.019154,0.0,0.0,0.0,0.0,0.0,0.0,-9999.0,-9999.0,-9999.0,-9999.0,-9999.0,-9999.0,-9999.0,-9999.0,-9999.0,-9999.0,-9999.0,-9999.0,-9999.0,-9999.0
P21_HV1_1_interaction,active_and_state_lat_and_long_zero_last_source_row_continuous_segment,P21,HV1,1,on_ramp,P21_HV1_1,P21_HV1.1.asc,HV1,60,initiator_active,3630,1,60500.0,60500.0008,1.0,1.0,24.8381,89.417159,161.0,34.412272,-1467.641346,0.231605,0.004078,0.0,24.843511,-0.002484,0.0,1467.654919,-34.284765,6.274503,1.0,0.0,0.0,0.0,1525.546725,-38.740386,1021.0,1.0,25.126983,6.0,-0.502496,34.99149,125.969365,34.991473,0.035054,6.7e-05,-0.433159,-0.161491,0.000142,0.01884,0.0,0.0,0.0,0.0,0.0,0.0,-9999.0,-9999.0,-9999.0,-9999.0,-9999.0,-9999.0,-9999.0,-9999.0,-9999.0,-9999.0,-9999.0,-9999.0,-9999.0,-9999.0
P21_HV1_1_interaction,active_and_state_lat_and_long_zero_last_source_row_continuous_segment,P21,HV1,1,on_ramp,P21_HV1_1,P21_HV1.1.asc,HV1,60,initiator_active,3631,1,60516.67,60516.6675,1.0,1.0,24.841713,89.430166,161.0,34.826281,-1468.055315,0.221342,0.002106,0.0,24.847336,-0.002513,0.0,1468.068978,-34.288401,6.274507,1.0,0.0,0.0,0.0,1526.129905,-38.741997,1021.0,1.0,25.710165,6.0,-0.501162,34.984279,125.943405,34.984262,0.034856,6.9e-05,-0.432287,-0.160919,0.000114,0.01884,0.0,0.0,0.0,0.0,0.0,0.0,-9999.0,-9999.0,-9999.0,-9999.0,-9999.0,-9999.0,-9999.0,-9999.0,-9999.0,-9999.0,-9999.0,-9999.0,-9999.0,-9999.0
P21_HV1_1_interaction,active_and_state_lat_and_long_zero_last_source_row_continuous_segment,P21,HV1,1,on_ramp,P21_HV1_1,P21_HV1.1.asc,HV1,60,initiator_active,3632,1,60533.33,60533.3341,1.0,1.0,24.845441,89.443588,161.0,35.240351,-1468.469345,0.215121,0.002502,0.0,24.850996,-0.002488,0.0,1468.483099,-34.292037,6.274507,1.0,0.0,0.0,0.0,1526.712965,-38.743654,1021.0,1.0,26.293226,6.0,-0.499874,34.977075,125.917469,34.977058,0.034622,7.1e-05,-0.432031,-0.159067,0.000112,0.018369,0.0,0.0,0.0,0.0,0.0,0.0,-9999.0,-9999.0,-9999.0,-9999.0,-9999.0,-9999.0,-9999.0,-9999.0,-9999.0,-9999.0,-9999.0,-9999.0,-9999.0,-9999.0
P21_HV1_1_interaction,active_and_state_lat_and_long_zero_last_source_row_continuous_segment,P21,HV1,1,on_ramp,P21_HV1_1,P21_HV1.1.asc,HV1,60,initiator_active,3633,1,60550.0,60550.0009,1.0,1.0,24.84918,89.457048,161.0,35.654483,-1468.883439,0.22169,9.4e-05,0.0,24.854611,-0.002409,0.0,1468.897281,-34.295673,6.274505,1.0,0.0,0.0,0.0,1527.295905,-38.745355,1021.0,1.0,26.876166,6.0,-0.498631,34.969873,125.891545,34.969857,0.034359,7.3e-05,-0.431883,-0.156721,0.000115,0.017741,0.0,0.0,0.0,0.0,0.0,0.0,-9999.0,-9999.0,-9999.0,-9999.0,-9999.0,-9999.0,-9999.0,-9999.0,-9999.0,-9999.0,-9999.0,-9999.0,-9999.0,-9999.0
P21_HV1_1_interaction,active_and_state_lat_and_long_zero_last_source_row_continuous_segment,P21,HV1,1,on_ramp,P21_HV1_1,P21_HV1.1.asc,HV1,60,initiator_active,3634,1,60566.67,60566.6667,1.0,1.0,24.852789,89.470039,161.0,36.068677,-1469.297593,0.218299,0.000218,0.0,24.858311,-0.00229,0.0,1469.311524,-34.29931,6.2745,1.0,0.0,0.0,0.0,1527.878724,-38.7471,1021.0,1.0,27.458987,6.0,-0.497433,34.962674,125.865627,34.962658,0.034074,7.5e-05,-0.431768,-0.153892,0.000112,0.016956,0.0,0.0,0.0,0.0,0.0,0.0,-9999.0,-9999.0,-9999.0,-9999.0,-9999.0,-9999.0,-9999.0,-9999.0,-9999.0,-9999.0,-9999.0,-9999.0,-9999.0,-9999.0
P21_HV1_1_interaction,active_and_state_lat_and_long_zero_last_source_row_continuous_segment,P21,HV1,1,on_ramp,P21_HV1_1,P21_HV1.1.asc,HV1,60,initiator_active,3635,1,60583.33,60583.3342,1.0,1.0,24.856458,89.483249,161.0,36.482931,-1469.711807,0.221562,-0.003243,0.0,24.861957,-0.0021,0.0,1469.725828,-34.302948,6.274493,1.0,0.0,0.0,0.0,1528.461424,-38.748889,1021.0,1.0,28.041688,6.0,-0.49628,34.955477,125.839717,34.955461,0.033762,7.7e-05,-0.431665,-0.151357,0.000101,0.016328,0.0,0.0,0.0,0.0,0.0,0.0,-9999.0,-9999.0,-9999.0,-9999.0,-9999.0,-9999.0,-9999.0,-9999.0,-9999.0,-9999.0,-9999.0,-9999.0,-9999.0,-9999.0
P21_HV1_1_interaction,active_and_state_lat_and_long_zero_last_source_row_continuous_segment,P21,HV1,1,on_ramp,P21_HV1_1,P21_HV1.1.asc,HV1,60,initiator_active,3636,1,60600.0,60600.0001,1.0,1.0,24.86013,89.496467,161.0,36.897246,-1470.126084,0.222027,-0.002936,0.0,24.865653,-0.001914,0.0,1470.140193,-34.306587,6.274483,1.0,0.0,0.0,0.0,1529.044003,-38.750721,1021.0,1.0,28.624269,6.0,-0.49517,34.948281,125.813812,34.948265,0.033411,7.8e-05,-0.431567,-0.149488,8.2e-05,0.016014,0.0,0.002198,0.0,0.0,0.0,0.0,-9999.0,-9999.0,-9999.0,-9999.0,-9999.0,-9999.0,-9999.0,-9999.0,-9999.0,-9999.0,-9999.0,-9999.0,-9999.0,-9999.0
P21_HV1_1_interaction,active_and_state_lat_and_long_zero_last_source_row_continuous_segment,P21,HV1,1,on_ramp,P21_HV1_1,P21_HV1.1.asc,HV1,60,initiator_active,3637,1,60616.67,60616.6676,1.0,1.0,24.863803,89.509691,161.0,37.311622,-1470.540421,0.210985,-0.001498,0.0,24.86932,-0.001652,0.0,1470.55462,-34.310228,6.274472,1.0,0.0,0.0,0.0,1529.626462,-38.752595,1021.0,1.0,29.20673,6.0,-0.494102,34.940821,125.786955,34.940805,0.033014,7.9e-05,-0.452161,-0.14787,2.7e-05,0.015857,0.0,0.0,0.0,0.0,0.0,0.0,-9999.0,-9999.0,-9999.0,-9999.0,-9999.0,-9999.0,-9999.0,-9999.0,-9999.0,-9999.0,-9999.0,-9999.0,-9999.0,-9999.0
P21_HV1_1_interaction,active_and_state_lat_and_long_zero_last_source_row_continuous_segment,P21,HV1,1,on_ramp,P21_HV1_1,P21_HV1.1.asc,HV1,60,initiator_active,3638,1,60633.34,60633.3374,1.0,1.0,24.867504,89.523013,161.0,37.72606,-1470.95482,0.221034,-0.004016,0.0,24.872874,-0.001373,0.0,1470.969107,-34.31387,6.274459,1.0,0.0,0.0,0.0,1530.208797,-38.754511,1021.0,1.0,29.789068,6.0,-0.493078,34.933538,125.760737,34.933523,0.032567,7.9e-05,-0.432358,-0.146518,-3.1e-05,0.016014,0.0,0.0,0.0,0.0,0.0,0.0,-9999.0,-9999.0,-9999.0,-9999.0,-9999.0,-9999.0,-9999.0,-9999.0,-9999.0,-9999.0,-9999.0,-9999.0,-9999.0,-9999.0
P21_HV1_1_interaction,active_and_state_lat_and_long_zero_last_source_row_continuous_segment,P21,HV1,1,on_ramp,P21_HV1_1,P21_HV1.1.asc,HV1,60,initiator_active,3639,1,60650.0,60650.0025,1.0,1.0,24.871078,89.535881,161.0,38.140559,-1471.369279,0.142868,-0.004934,0.0,24.876568,-0.001095,0.0,1471.383654,-34.317513,6.274446,1.0,0.0,0.0,0.0,1530.791011,-38.756469,1021.0,1.0,30.371284,6.0,-0.492095,34.92634,125.734826,34.926326,0.032075,7.8e-05,-0.431505,-0.145026,-7.3e-05,0.016171,0.0,0.0,0.0,0.0,0.0,0.0,-9999.0,-9999.0,-9999.0,-9999.0,-9999.0,-9999.0,-9999.0,-9999.0,-9999.0,-9999.0,-9999.0,-9999.0,-9999.0,-9999.0
P21_HV1_1_interaction,active_and_state_lat_and_long_zero_last_source_row_continuous_segment,P21,HV1,1,on_ramp,P21_HV1_1,P21_HV1.1.asc,HV1,60,initiator_active,3640,1,60666.67,60666.668,1.0,1.0,24.874716,89.548978,161.0,38.555117,-1471.783798,0.210986,-0.002553,0.0,24.879095,-0.000816,0.0,1471.798257,-34.321158,6.274431,1.0,0.0,0.0,0.0,1531.373104,-38.758467,1021.0,1.0,30.95338,6.0,-0.491154,34.919149,125.708938,34.919135,0.031545,7.7e-05,-0.431257,-0.143417,-7.9e-05,0.016171,0.0,0.0,0.0,0.0,0.0,0.0,-9999.0,-9999.0,-9999.0,-9999.0,-9999.0,-9999.0,-9999.0,-9999.0,-9999.0,-9999.0,-9999.0,-9999.0,-9999.0,-9999.0
P21_HV1_1_interaction,active_and_state_lat_and_long_zero_last_source_row_continuous_segment,P21,HV1,1,on_ramp,P21_HV1_1,P21_HV1.1.asc,HV1,60,initiator_active,3641,1,60683.35,60683.3515,1.0,1.0,24.877759,89.559932,161.0,38.969732,-1472.198374,0.22713,-0.00626,0.0,24.88273,-0.000514,0.0,1472.212907,-34.324805,6.274417,1.0,0.0,0.0,0.0,1531.955077,-38.760506,1021.0,1.0,31.535356,6.0,-0.490254,34.911961,125.683061,34.911948,0.030985,7.5e-05,-0.431115,-0.141714,-7e-05,0.016171,0.0,0.0,0.0,0.0,0.0,0.0,-9999.0,-9999.0,-9999.0,-9999.0,-9999.0,-9999.0,-9999.0,-9999.0,-9999.0,-9999.0,-9999.0,-9999.0,-9999.0,-9999.0
P21_HV1_1_interaction,active_and_state_lat_and_long_zero_last_source_row_continuous_segment,P21,HV1,1,on_ramp,P21_HV1_1,P21_HV1.1.asc,HV1,60,initiator_active,3642,1,60700.0,60700.0006,1.0,1.0,24.880854,89.571073,161.0,39.384393,-1472.612996,0.220174,-0.007371,0.0,24.886542,-0.000254,0.0,1472.627619,-34.328454,6.274402,1.0,0.0,0.0,0.0,1532.53693,-38.762584,1021.0,1.0,32.117212,6.0,-0.489394,34.904775,125.657191,34.904762,0.0304,7.4e-05,-0.431006,-0.139936,-5.9e-05,0.016171,0.0,0.002198,0.0,0.0,0.0,0.0,-9999.0,-9999.0,-9999.0,-9999.0,-9999.0,-9999.0,-9999.0,-9999.0,-9999.0,-9999.0,-9999.0,-9999.0,-9999.0,-9999.0
P21_HV1_1_interaction,active_and_state_lat_and_long_zero_last_source_row_continuous_segment,P21,HV1,1,on_ramp,P21_HV1_1,P21_HV1.1.asc,HV1,60,initiator_active,3643,1,60716.67,60716.6668,1.0,1.0,24.884623,89.584643,161.0,39.799116,-1473.02768,0.221734,-0.009226,0.0,24.890234,-2.9e-05,0.0,1473.042393,-34.332104,6.274388,1.0,0.0,0.0,0.0,1533.118663,-38.764702,1021.0,1.0,32.698948,6.0,-0.488574,34.897325,125.630369,34.897312,0.029797,7.3e-05,-0.4516,-0.138093,-7.9e-05,0.016171,0.0,0.002198,0.0,0.0,0.0,0.0,-9999.0,-9999.0,-9999.0,-9999.0,-9999.0,-9999.0,-9999.0,-9999.0,-9999.0,-9999.0,-9999.0,-9999.0,-9999.0,-9999.0
P21_HV1_1_interaction,active_and_state_lat_and_long_zero_last_source_row_continuous_segment,P21,HV1,1,on_ramp,P21_HV1_1,P21_HV1.1.asc,HV1,60,initiator_active,3644,1,60733.34,60733.344,1.0,1.0,24.888377,89.598156,161.0,40.213902,-1473.442427,0.216074,-0.008678,0.0,24.893892,0.000164,0.0,1473.45723,-34.335758,6.274374,1.0,0.0,0.0,0.0,1533.700272,-38.766858,1021.0,1.0,33.280561,6.0,-0.487793,34.889885,125.603585,34.889873,0.029181,7.1e-05,-0.435358,-0.136226,-0.000135,0.016171,0.0,0.0,0.0,0.0,0.0,0.0,-9999.0,-9999.0,-9999.0,-9999.0,-9999.0,-9999.0,-9999.0,-9999.0,-9999.0,-9999.0,-9999.0,-9999.0,-9999.0,-9999.0
P21_HV1_1_interaction,active_and_state_lat_and_long_zero_last_source_row_continuous_segment,P21,HV1,1,on_ramp,P21_HV1_1,P21_HV1.1.asc,HV1,60,initiator_active,3645,1,60750.0,60750.0009,1.0,1.0,24.892082,89.611496,161.0,40.62875,-1473.857236,0.22589,-0.010228,0.0,24.897558,0.000358,0.0,1473.872126,-34.339415,6.27436,1.0,0.0,0.0,0.0,1534.281758,-38.769053,1021.0,1.0,33.86205,6.0,-0.487051,34.882684,125.577662,34.882672,0.028557,6.9e-05,-0.431213,-0.134328,-0.000151,0.016014,0.0,0.0,0.0,0.0,0.0,0.0,-9999.0,-9999.0,-9999.0,-9999.0,-9999.0,-9999.0,-9999.0,-9999.0,-9999.0,-9999.0,-9999.0,-9999.0,-9999.0,-9999.0
P21_HV1_1_interaction,active_and_state_lat_and_long_zero_last_source_row_continuous_segment,P21,HV1,1,on_ramp,P21_HV1_1,P21_HV1.1.asc,HV1,60,initiator_active,3646,1,60766.67,60766.6673,1.0,1.0,24.895692,89.624492,161.0,41.043658,-1474.272105,0.217445,-0.01005,0.0,24.901241,0.000531,0.0,1474.287085,-34.343075,6.274346,1.0,0.0,0.0,0.0,1534.863123,-38.771285,1021.0,1.0,34.443419,6.0,-0.486347,34.875501,125.551802,34.875489,0.02793,6.7e-05,-0.430771,-0.13242,-0.00014,0.016171,0.0,0.0,0.0,0.0,0.0,0.0,-9999.0,-9999.0,-9999.0,-9999.0,-9999.0,-9999.0,-9999.0,-9999.0,-9999.0,-9999.0,-9999.0,-9999.0,-9999.0,-9999.0
P21_HV1_1_interaction,active_and_state_lat_and_long_zero_last_source_row_continuous_segment,P21,HV1,1,on_ramp,P21_HV1_1,P21_HV1.1.asc,HV1,60,initiator_active,3647,1,60783.33,60783.3342,1.0,1.0,24.899441,89.637986,161.0,41.458628,-1474.687037,0.223173,-0.008332,0.0,24.904904,0.00069,0.0,1474.702104,-34.346737,6.274334,1.0,0.0,0.0,0.0,1535.444367,-38.773554,1021.0,1.0,35.024667,6.0,-0.485681,34.868322,125.525958,34.868311,0.027304,6.5e-05,-0.430574,-0.13051,-0.000105,0.016014,0.0,0.0,0.0,0.0,0.0,0.0,-9999.0,-9999.0,-9999.0,-9999.0,-9999.0,-9999.0,-9999.0,-9999.0,-9999.0,-9999.0,-9999.0,-9999.0,-9999.0,-9999.0
P21_HV1_1_interaction,active_and_state_lat_and_long_zero_last_source_row_continuous_segment,P21,HV1,1,on_ramp,P21_HV1_1,P21_HV1.1.asc,HV1,60,initiator_active,3648,1,60800.0,60800.0005,1.0,1.0,24.903053,89.65099,161.0,41.873659,-1475.102029,0.212194,-0.006787,0.0,24.908591,0.000881,0.0,1475.117185,-34.350403,6.274322,1.0,0.0,0.0,0.0,1536.025492,-38.775859,1021.0,1.0,35.605797,6.0,-0.485051,34.861145,125.500123,34.861135,0.026681,6.3e-05,-0.430447,-0.128611,-6.8e-05,0.016014,0.0,0.0,0.0,0.0,0.0,0.0,-9999.0,-9999.0,-9999.0,-9999.0,-9999.0,-9999.0,-9999.0,-9999.0,-9999.0,-9999.0,-9999.0,-9999.0,-9999.0,-9999.0
P21_HV1_1_interaction,active_and_state_lat_and_long_zero_last_source_row_continuous_segment,P21,HV1,1,on_ramp,P21_HV1_1,P21_HV1.1.asc,HV1,60,initiator_active,3649,1,60816.67,60816.6674,1.0,1.0,24.906764,89.664349,161.0,42.288751,-1475.517082,0.220179,-0.003081,0.0,24.912098,0.001032,0.0,1475.532327,-34.354071,6.274311,1.0,0.0,0.0,0.0,1536.606498,-38.7782,1021.0,1.0,36.186806,6.0,-0.484458,34.853971,125.474295,34.853961,0.026067,6.2e-05,-0.430343,-0.126733,-3.9e-05,0.016014,0.0,0.0,0.0,0.0,0.0,0.0,-9999.0,-9999.0,-9999.0,-9999.0,-9999.0,-9999.0,-9999.0,-9999.0,-9999.0,-9999.0,-9999.0,-9999.0,-9999.0,-9999.0
P21_HV1_1_interaction,active_and_state_lat_and_long_zero_last_source_row_continuous_segment,P21,HV1,1,on_ramp,P21_HV1_1,P21_HV1.1.asc,HV1,60,initiator_active,3650,1,60833.35,60833.3465,1.0,1.0,24.910359,89.677292,161.0,42.703904,-1475.932197,0.230749,0.0004,0.0,24.915843,0.001211,0.0,1475.947527,-34.357741,6.274302,1.0,0.0,0.0,0.0,1537.187383,-38.780576,1021.0,1.0,36.767697,6.0,-0.483901,34.846798,125.448473,34.846789,0.025463,6.2e-05,-0.430247,-0.124883,-2e-05,0.016014,0.0,0.002198,0.0,0.0,0.0,0.0,-9999.0,-9999.0,-9999.0,-9999.0,-9999.0,-9999.0,-9999.0,-9999.0,-9999.0,-9999.0,-9999.0,-9999.0,-9999.0,-9999.0
P21_HV1_1_interaction,active_and_state_lat_and_long_zero_last_source_row_continuous_segment,P21,HV1,1,on_ramp,P21_HV1_1,P21_HV1.1.asc,HV1,60,initiator_active,3651,1,60850.0,60850.0008,1.0,1.0,24.913933,89.690158,161.0,43.119116,-1476.34737,0.219044,0.002823,0.0,24.919653,0.00139,0.0,1476.362791,-34.361411,6.274295,1.0,0.0,0.0,0.0,1537.768149,-38.782987,1021.0,1.0,37.348467,6.0,-0.483378,34.83936,125.421696,34.839351,0.024872,6.2e-05,-0.45085,-0.123062,-3.7e-05,0.016014,0.0,0.0,0.0,0.0,0.0,0.0,-9999.0,-9999.0,-9999.0,-9999.0,-9999.0,-9999.0,-9999.0,-9999.0,-9999.0,-9999.0,-9999.0,-9999.0,-9999.0,-9999.0
P21_HV1_1_interaction,active_and_state_lat_and_long_zero_last_source_row_continuous_segment,P21,HV1,1,on_ramp,P21_HV1_1,P21_HV1.1.asc,HV1,60,initiator_active,3652,1,60866.67,60866.6674,1.0,1.0,24.917765,89.703956,161.0,43.534391,-1476.762607,0.217472,0.005641,0.0,24.923305,0.00157,0.0,1476.778117,-34.36508,6.274291,1.0,0.0,0.0,0.0,1538.348791,-38.785432,1021.0,1.0,37.929114,6.0,-0.482891,34.8321,125.395561,34.832092,0.024297,6.1e-05,-0.431033,-0.121301,-6.4e-05,0.016014,0.0,0.0,0.0,0.0,0.0,0.0,-9999.0,-9999.0,-9999.0,-9999.0,-9999.0,-9999.0,-9999.0,-9999.0,-9999.0,-9999.0,-9999.0,-9999.0,-9999.0,-9999.0
P21_HV1_1_interaction,active_and_state_lat_and_long_zero_last_source_row_continuous_segment,P21,HV1,1,on_ramp,P21_HV1_1,P21_HV1.1.asc,HV1,60,initiator_active,3653,1,60883.33,60883.3335,1.0,1.0,24.921478,89.717322,161.0,43.949729,-1477.177906,0.207868,0.011742,0.0,24.926877,0.001719,0.0,1477.193504,-34.368749,6.27429,1.0,0.0,0.0,0.0,1538.929312,-38.78791,1021.0,1.0,38.50964,6.0,-0.482438,34.824926,125.369733,34.824918,0.023739,5.9e-05,-0.430186,-0.119582,-8.4e-05,0.016014,0.0,0.0,0.0,0.0,0.0,0.0,-9999.0,-9999.0,-9999.0,-9999.0,-9999.0,-9999.0,-9999.0,-9999.0,-9999.0,-9999.0,-9999.0,-9999.0,-9999.0,-9999.0
P21_HV1_1_interaction,active_and_state_lat_and_long_zero_last_source_row_continuous_segment,P21,HV1,1,on_ramp,P21_HV1_1,P21_HV1.1.asc,HV1,60,initiator_active,3654,1,60900.0,60900.0008,1.0,1.0,24.925117,89.730421,161.0,44.365128,-1477.593266,0.224497,0.013117,0.0,24.930437,0.001871,0.0,1477.60895,-34.372414,6.274292,1.0,0.0,0.0,0.0,1539.509713,-38.790421,1021.0,1.0,39.090046,6.0,-0.482018,34.817757,125.343927,34.81775,0.0232,5.8e-05,-0.42994,-0.117919,-7.4e-05,0.016014,0.0,0.0,0.0,0.0,0.0,0.0,-9999.0,-9999.0,-9999.0,-9999.0,-9999.0,-9999.0,-9999.0,-9999.0,-9999.0,-9999.0,-9999.0,-9999.0,-9999.0,-9999.0
P21_HV1_1_interaction,active_and_state_lat_and_long_zero_last_source_row_continuous_segment,P21,HV1,1,on_ramp,P21_HV1_1,P21_HV1.1.asc,HV1,60,initiator_active,3655,1,60916.67,60916.6668,1.0,1.0,24.928609,89.742992,161.0,44.780585,-1478.008685,0.222494,0.017303,0.0,24.934168,0.00195,0.0,1478.024457,-34.376076,6.274299,1.0,0.0,0.0,0.0,1540.089994,-38.792965,1021.0,1.0,39.670333,6.0,-0.481631,34.810592,125.318132,34.810585,0.022681,5.7e-05,-0.429798,-0.116314,-5.2e-05,0.016014,0.0,0.0,0.0,0.0,0.0,0.0,-9999.0,-9999.0,-9999.0,-9999.0,-9999.0,-9999.0,-9999.0,-9999.0,-9999.0,-9999.0,-9999.0,-9999.0,-9999.0,-9999.0
P21_HV1_1_interaction,active_and_state_lat_and_long_zero_last_source_row_continuous_segment,P21,HV1,1,on_ramp,P21_HV1_1,P21_HV1.1.asc,HV1,60,initiator_active,3656,1,60933.33,60933.3338,1.0,1.0,24.932308,89.75631,161.0,45.196103,-1478.424164,0.221836,0.019256,0.0,24.937873,0.001965,0.0,1478.440025,-34.379733,6.27431,1.0,0.0,0.0,0.0,1540.670156,-38.795541,1021.0,1.0,40.2505,6.0,-0.481277,34.803429,125.292344,34.803422,0.022184,5.6e-05,-0.429689,-0.114772,-3e-05,0.016014,0.0,0.002198,0.0,0.0,0.0,0.0,-9999.0,-9999.0,-9999.0,-9999.0,-9999.0,-9999.0,-9999.0,-9999.0,-9999.0,-9999.0,-9999.0,-9999.0,-9999.0,-9999.0
P21_HV1_1_interaction,active_and_state_lat_and_long_zero_last_source_row_continuous_segment,P21,HV1,1,on_ramp,P21_HV1_1,P21_HV1.1.asc,HV1,60,initiator_active,3657,1,60950.02,60950.0243,1.0,1.0,24.936022,89.76968,161.0,45.611683,-1478.839705,0.233393,0.02019,0.0,24.941569,0.001928,0.0,1478.855655,-34.383385,6.274325,1.0,0.0,0.0,0.0,1541.250198,-38.798148,1021.0,1.0,40.830548,6.0,-0.480955,34.796001,125.265602,34.795994,0.021709,5.6e-05,-0.450293,-0.113287,-3.8e-05,0.016014,0.0,0.002198,0.0,0.0,0.0,0.0,-9999.0,-9999.0,-9999.0,-9999.0,-9999.0,-9999.0,-9999.0,-9999.0,-9999.0,-9999.0,-9999.0,-9999.0,-9999.0,-9999.0
P21_HV1_1_interaction,active_and_state_lat_and_long_zero_last_source_row_continuous_segment,P21,HV1,1,on_ramp,P21_HV1_1,P21_HV1.1.asc,HV1,60,initiator_active,3658,1,60966.67,60966.6676,1.0,1.0,24.939722,89.782998,161.0,46.027325,-1479.255308,0.222534,0.025064,0.0,24.945431,0.001799,0.0,1479.271348,-34.387031,6.274344,1.0,0.0,0.0,0.0,1541.830116,-38.800786,1021.0,1.0,41.410472,6.0,-0.480664,34.788484,125.238542,34.788477,0.021258,5.5e-05,-0.45117,-0.111878,-8e-05,0.016014,0.0,0.0,0.0,0.0,0.0,0.0,-9999.0,-9999.0,-9999.0,-9999.0,-9999.0,-9999.0,-9999.0,-9999.0,-9999.0,-9999.0,-9999.0,-9999.0,-9999.0,-9999.0
P21_HV1_1_interaction,active_and_state_lat_and_long_zero_last_source_row_continuous_segment,P21,HV1,1,on_ramp,P21_HV1_1,P21_HV1.1.asc,HV1,60,initiator_active,3659,1,60983.34,60983.3403,1.0,1.0,24.943514,89.79665,161.0,46.44303,-1479.670973,0.220337,0.026383,0.0,24.949125,0.001651,0.0,1479.687105,-34.390671,6.274367,1.0,0.0,0.0,0.0,1542.40991,-38.803455,1021.0,1.0,41.990272,6.0,-0.480405,34.781229,125.212423,34.781222,0.020829,5.3e-05,-0.430595,-0.110549,-0.000119,0.016014,0.0,0.0,0.0,0.0,0.0,0.0,-9999.0,-9999.0,-9999.0,-9999.0,-9999.0,-9999.0,-9999.0,-9999.0,-9999.0,-9999.0,-9999.0,-9999.0,-9999.0,-9999.0
P21_HV1_1_interaction,active_and_state_lat_and_long_zero_last_source_row_continuous_segment,P21,HV1,1,on_ramp,P21_HV1_1,P21_HV1.1.asc,HV1,60,initiator_active,3660,1,61000.0,61000.0001,1.0,1.0,24.947286,89.810229,161.0,46.858798,-1480.086702,0.22045,0.032454,0.0,24.952797,0.001435,0.0,1480.102923,-34.394303,6.274394,1.0,0.0,0.0,0.0,1542.989582,-38.806154,1021.0,1.0,42.56995,6.0,-0.480177,34.774063,125.186628,34.774057,0.020425,5.1e-05,-0.429599,-0.109283,-0.000118,0.016014,0.0,0.0,0.0,0.0,0.0,0.0,-9999.0,-9999.0,-9999.0,-9999.0,-9999.0,-9999.0,-9999.0,-9999.0,-9999.0,-9999.0,-9999.0,-9999.0,-9999.0,-9999.0
P21_HV1_1_interaction,active_and_state_lat_and_long_zero_last_source_row_continuous_segment,P21,HV1,1,on_ramp,P21_HV1_1,P21_HV1.1.asc,HV1,60,initiator_active,3661,1,61016.67,61016.6675,1.0,1.0,24.950961,89.823459,161.0,47.274628,-1480.502492,0.221545,0.03885,0.0,24.956439,0.001235,0.0,1480.518802,-34.397926,6.274425,1.0,0.0,0.0,0.0,1543.569134,-38.808883,1021.0,1.0,43.149509,6.0,-0.479979,34.766906,125.160861,34.7669,0.020045,4.9e-05,-0.429305,-0.108089,-7.4e-05,0.016014,0.0,0.0,0.0,0.0,0.0,0.0,-9999.0,-9999.0,-9999.0,-9999.0,-9999.0,-9999.0,-9999.0,-9999.0,-9999.0,-9999.0,-9999.0,-9999.0,-9999.0,-9999.0
P21_HV1_1_interaction,active_and_state_lat_and_long_zero_last_source_row_continuous_segment,P21,HV1,1,on_ramp,P21_HV1_1,P21_HV1.1.asc,HV1,60,initiator_active,3662,1,61033.33,61033.3339,1.0,1.0,24.954634,89.836684,161.0,47.690518,-1480.918343,0.221016,0.045394,0.0,24.960143,0.001048,0.0,1480.934742,-34.40154,6.27446,1.0,0.0,0.0,0.0,1544.148567,-38.811641,1021.0,1.0,43.728948,6.0,-0.479811,34.759751,125.135105,34.759746,0.019688,4.9e-05,-0.429148,-0.106966,-2e-05,0.016014,0.0,0.0,0.0,0.0,0.0,0.0,-9999.0,-9999.0,-9999.0,-9999.0,-9999.0,-9999.0,-9999.0,-9999.0,-9999.0,-9999.0,-9999.0,-9999.0,-9999.0,-9999.0
P21_HV1_1_interaction,active_and_state_lat_and_long_zero_last_source_row_continuous_segment,P21,HV1,1,on_ramp,P21_HV1_1,P21_HV1.1.asc,HV1,60,initiator_active,3663,1,61050.0,61050.0006,1.0,1.0,24.958285,89.849826,161.0,48.10647,-1481.334255,0.223178,0.053247,0.0,24.963855,0.000839,0.0,1481.350744,-34.405141,6.274499,1.0,0.0,0.0,0.0,1544.72788,-38.814429,1021.0,1.0,44.308269,6.0,-0.479673,34.752599,125.109358,34.752594,0.019355,4.9e-05,-0.429035,-0.105914,2.8e-05,0.016014,0.0,0.0,0.0,0.0,0.0,0.0,-9999.0,-9999.0,-9999.0,-9999.0,-9999.0,-9999.0,-9999.0,-9999.0,-9999.0,-9999.0,-9999.0,-9999.0,-9999.0,-9999.0
P21_HV1_1_interaction,active_and_state_lat_and_long_zero_last_source_row_continuous_segment,P21,HV1,1,on_ramp,P21_HV1_1,P21_HV1.1.asc,HV1,60,initiator_active,3664,1,61066.67,61066.6674,1.0,1.0,24.961985,89.863145,161.0,48.522484,-1481.750229,0.219997,0.059297,0.0,24.967553,0.00065,0.0,1481.766808,-34.408728,6.274543,1.0,0.0,0.0,0.0,1545.307075,-38.817245,1021.0,1.0,44.887469,6.0,-0.479565,34.745449,125.083616,34.745444,0.019046,5e-05,-0.428936,-0.104933,6.2e-05,0.016014,0.0,0.0,0.0,0.0,0.0,0.0,-9999.0,-9999.0,-9999.0,-9999.0,-9999.0,-9999.0,-9999.0,-9999.0,-9999.0,-9999.0,-9999.0,-9999.0,-9999.0,-9999.0
P21_HV1_1_interaction,active_and_state_lat_and_long_zero_last_source_row_continuous_segment,P21,HV1,1,on_ramp,P21_HV1_1,P21_HV1.1.asc,HV1,60,initiator_active,3665,1,61083.33,61083.334,1.0,1.0,24.965715,89.876573,161.0,48.938559,-1482.166264,0.213039,0.063994,0.0,24.971186,0.00042,0.0,1482.182933,-34.412299,6.274593,1.0,0.0,0.0,0.0,1545.886149,-38.82009,1021.0,1.0,45.466551,6.0,-0.479485,34.7383,125.057881,34.738295,0.018759,5.1e-05,-0.428842,-0.104022,8.1e-05,0.016014,0.0,0.0,0.0,0.0,0.0,0.0,-9999.0,-9999.0,-9999.0,-9999.0,-9999.0,-9999.0,-9999.0,-9999.0,-9999.0,-9999.0,-9999.0,-9999.0,-9999.0,-9999.0
P21_HV1_1_interaction,active_and_state_lat_and_long_zero_last_source_row_continuous_segment,P21,HV1,1,on_ramp,P21_HV1_1,P21_HV1.1.asc,HV1,60,initiator_active,3666,1,61100.0,61100.0022,1.0,1.0,24.969387,89.889792,161.0,49.354696,-1482.58236,0.235535,0.074561,0.0,24.974766,0.000188,0.0,1482.599119,-34.415852,6.274647,1.0,0.0,0.0,0.0,1546.465105,-38.822963,1021.0,1.0,46.045514,6.0,-0.479435,34.731153,125.032151,34.731148,0.018496,5.2e-05,-0.428748,-0.10318,8.8e-05,0.016014,0.0,0.0,0.0,0.0,0.0,0.0,-9999.0,-9999.0,-9999.0,-9999.0,-9999.0,-9999.0,-9999.0,-9999.0,-9999.0,-9999.0,-9999.0,-9999.0,-9999.0,-9999.0
P21_HV1_1_interaction,active_and_state_lat_and_long_zero_last_source_row_continuous_segment,P21,HV1,1,on_ramp,P21_HV1_1,P21_HV1.1.asc,HV1,60,initiator_active,3667,1,61116.67,61116.6725,1.0,1.0,24.972961,89.902661,161.0,49.770894,-1482.998516,0.227065,0.081478,0.0,24.978629,-6.1e-05,0.0,1483.015366,-34.419386,6.274707,1.0,0.0,0.0,0.0,1547.043941,-38.825864,1021.0,1.0,46.624357,6.0,-0.479413,34.724008,125.006427,34.724003,0.018254,5.4e-05,-0.428656,-0.102404,8.7e-05,0.016014,0.0,0.0,0.0,0.0,0.0,0.0,-9999.0,-9999.0,-9999.0,-9999.0,-9999.0,-9999.0,-9999.0,-9999.0,-9999.0,-9999.0,-9999.0,-9999.0,-9999.0,-9999.0
P21_HV1_1_interaction,active_and_state_lat_and_long_zero_last_source_row_continuous_segment,P21,HV1,1,on_ramp,P21_HV1_1,P21_HV1.1.asc,HV1,60,initiator_active,3668,1,61133.33,61133.3346,1.0,1.0,24.976729,89.916225,161.0,50.187152,-1483.414733,0.22015,0.086156,0.0,24.982396,-0.000327,0.0,1483.431678,-34.422898,6.274772,1.0,0.0,0.0,0.0,1547.622658,-38.828793,1021.0,1.0,47.203082,6.0,-0.479419,34.716863,124.980709,34.716859,0.018033,5.5e-05,-0.428563,-0.101694,7.9e-05,0.016014,0.0,0.0,0.0,0.0,0.0,0.0,-9999.0,-9999.0,-9999.0,-9999.0,-9999.0,-9999.0,-9999.0,-9999.0,-9999.0,-9999.0,-9999.0,-9999.0,-9999.0,-9999.0
P21_HV1_1_interaction,active_and_state_lat_and_long_zero_last_source_row_continuous_segment,P21,HV1,1,on_ramp,P21_HV1_1,P21_HV1.1.asc,HV1,60,initiator_active,3669,1,61150.0,61150.005,1.0,1.0,24.980522,89.929878,161.0,50.603475,-1483.831014,0.221971,0.093312,0.0,24.98609,-0.000642,0.0,1483.848051,-34.426385,6.274844,1.0,0.0,0.0,0.0,1548.201256,-38.831749,1021.0,1.0,47.781687,6.0,-0.479453,34.709721,124.954996,34.709716,0.017833,5.6e-05,-0.428471,-0.101047,6.9e-05,0.016014,0.0,0.002198,0.0,0.0,0.0,0.0,-9999.0,-9999.0,-9999.0,-9999.0,-9999.0,-9999.0,-9999.0,-9999.0,-9999.0,-9999.0,-9999.0,-9999.0,-9999.0,-9999.0
P21_HV1_1_interaction,active_and_state_lat_and_long_zero_last_source_row_continuous_segment,P21,HV1,1,on_ramp,P21_HV1_1,P21_HV1.1.asc,HV1,60,initiator_active,3670,1,61166.67,61166.6676,1.0,1.0,24.984231,89.94323,161.0,51.01986,-1484.247357,0.219161,0.101266,0.0,24.98977,-0.001001,0.0,1484.264487,-34.429847,6.274922,1.0,0.0,0.0,0.0,1548.779734,-38.834733,1021.0,1.0,48.360173,6.0,-0.479516,34.702313,124.928327,34.702309,0.017653,5.7e-05,-0.449088,-0.100452,3.2e-05,0.016014,0.0,0.0,0.0,0.0,0.0,0.0,-9999.0,-9999.0,-9999.0,-9999.0,-9999.0,-9999.0,-9999.0,-9999.0,-9999.0,-9999.0,-9999.0,-9999.0,-9999.0,-9999.0
P21_HV1_1_interaction,active_and_state_lat_and_long_zero_last_source_row_continuous_segment,P21,HV1,1,on_ramp,P21_HV1_1,P21_HV1.1.asc,HV1,60,initiator_active,3671,1,61183.33,61183.3339,1.0,1.0,24.987939,89.956582,161.0,51.436307,-1484.66376,0.219277,0.104579,0.0,24.993422,-0.001395,0.0,1484.680984,-34.433281,6.275005,1.0,0.0,0.0,0.0,1549.358089,-38.837744,1021.0,1.0,48.938536,6.0,-0.479606,34.695084,124.902301,34.695079,0.017491,5.7e-05,-0.429252,-0.099934,-7e-06,0.016014,0.0,0.0,0.0,0.0,0.0,0.0,-9999.0,-9999.0,-9999.0,-9999.0,-9999.0,-9999.0,-9999.0,-9999.0,-9999.0,-9999.0,-9999.0,-9999.0,-9999.0,-9999.0
P21_HV1_1_interaction,active_and_state_lat_and_long_zero_last_source_row_continuous_segment,P21,HV1,1,on_ramp,P21_HV1_1,P21_HV1.1.asc,HV1,60,initiator_active,3672,1,61200.03,61200.0276,1.0,1.0,24.991596,89.969745,161.0,51.852815,-1485.080225,0.223378,0.107119,0.0,24.997078,-0.001883,0.0,1485.097542,-34.436686,6.275095,1.0,0.0,0.0,0.0,1549.936324,-38.840782,1021.0,1.0,49.516779,6.0,-0.479723,34.687939,124.876581,34.687935,0.017348,5.7e-05,-0.428414,-0.099464,-3.3e-05,0.016014,0.0,0.0,0.0,0.0,0.0,0.0,-9999.0,-9999.0,-9999.0,-9999.0,-9999.0,-9999.0,-9999.0,-9999.0,-9999.0,-9999.0,-9999.0,-9999.0,-9999.0,-9999.0
P21_HV1_1_interaction,active_and_state_lat_and_long_zero_last_source_row_continuous_segment,P21,HV1,1,on_ramp,P21_HV1_1,P21_HV1.1.asc,HV1,60,initiator_active,3673,1,61216.67,61216.6679,1.0,1.0,24.99525,89.982898,161.0,52.269385,-1485.49675,0.196685,0.106352,0.0,25.000528,-0.002475,0.0,1485.514162,-34.440061,6.275189,1.0,0.0,0.0,0.0,1550.514439,-38.843846,1021.0,1.0,50.094902,6.0,-0.479869,34.680801,124.850883,34.680797,0.017222,5.6e-05,-0.42817,-0.099047,-2.6e-05,0.016014,0.0,0.0,0.0,0.0,0.0,0.0,-9999.0,-9999.0,-9999.0,-9999.0,-9999.0,-9999.0,-9999.0,-9999.0,-9999.0,-9999.0,-9999.0,-9999.0,-9999.0,-9999.0
P21_HV1_1_interaction,active_and_state_lat_and_long_zero_last_source_row_continuous_segment,P21,HV1,1,on_ramp,P21_HV1_1,P21_HV1.1.asc,HV1,60,initiator_active,3674,1,61234.15,61234.1522,1.0,1.0,24.998939,89.99618,161.0,52.686015,-1485.913336,0.220743,0.105758,0.0,25.003967,-0.003164,0.0,1485.930837,-34.443407,6.275288,1.0,0.0,0.0,0.0,1551.092435,-38.846938,1021.0,1.0,50.672907,6.0,-0.480041,34.673666,124.825196,34.673661,0.017112,5.6e-05,-0.428029,-0.098682,-4e-06,0.016014,0.0,0.0,0.0,0.0,0.0,0.0,-9999.0,-9999.0,-9999.0,-9999.0,-9999.0,-9999.0,-9999.0,-9999.0,-9999.0,-9999.0,-9999.0,-9999.0,-9999.0,-9999.0
P21_HV1_1_interaction,active_and_state_lat_and_long_zero_last_source_row_continuous_segment,P21,HV1,1,on_ramp,P21_HV1_1,P21_HV1.1.asc,HV1,60,initiator_active,3675,1,61250.0,61250.0001,1.0,1.0,25.002167,90.0078,161.0,53.102702,-1486.329977,0.218222,0.108188,0.0,25.007618,-0.003922,0.0,1486.347572,-34.446722,6.27539,1.0,0.0,0.0,0.0,1551.670312,-38.850056,1021.0,1.0,51.250792,6.0,-0.480241,34.666532,124.799516,34.666528,0.017017,5.6e-05,-0.427922,-0.098365,1.9e-05,0.016014,0.0,0.0,0.0,0.0,0.0,0.0,-9999.0,-9999.0,-9999.0,-9999.0,-9999.0,-9999.0,-9999.0,-9999.0,-9999.0,-9999.0,-9999.0,-9999.0,-9999.0,-9999.0
P21_HV1_1_interaction,active_and_state_lat_and_long_zero_last_source_row_continuous_segment,P21,HV1,1,on_ramp,P21_HV1_1,P21_HV1.1.asc,HV1,60,initiator_active,3676,1,61266.67,61266.6736,1.0,1.0,25.005806,90.020901,161.0,53.519447,-1486.746677,0.224658,0.107547,0.0,25.011272,-0.004712,0.0,1486.764367,-34.450007,6.275494,1.0,0.0,0.0,0.0,1552.24807,-38.8532,1021.0,1.0,51.828558,6.0,-0.480468,34.659401,124.773842,34.659397,0.016938,5.7e-05,-0.427825,-0.098093,3.7e-05,0.016014,0.0,0.0,0.0,0.0,0.0,0.0,-9999.0,-9999.0,-9999.0,-9999.0,-9999.0,-9999.0,-9999.0,-9999.0,-9999.0,-9999.0,-9999.0,-9999.0,-9999.0,-9999.0
P21_HV1_1_interaction,active_and_state_lat_and_long_zero_last_source_row_continuous_segment,P21,HV1,1,on_ramp,P21_HV1_1,P21_HV1.1.asc,HV1,60,initiator_active,3677,1,61283.33,61283.3334,1.0,1.0,25.009436,90.03397,161.0,53.936254,-1487.163436,0.234615,0.107997,0.0,25.015072,-0.005553,0.0,1487.181224,-34.453263,6.275599,1.0,0.0,0.0,0.0,1552.825709,-38.856371,1021.0,1.0,52.406206,6.0,-0.480722,34.652271,124.748174,34.652266,0.016871,5.8e-05,-0.427732,-0.097864,4.8e-05,0.016014,0.0,0.0,0.0,0.0,0.0,0.0,-9999.0,-9999.0,-9999.0,-9999.0,-9999.0,-9999.0,-9999.0,-9999.0,-9999.0,-9999.0,-9999.0,-9999.0,-9999.0,-9999.0
P21_HV1_1_interaction,active_and_state_lat_and_long_zero_last_source_row_continuous_segment,P21,HV1,1,on_ramp,P21_HV1_1,P21_HV1.1.asc,HV1,60,initiator_active,3678,1,61300.0,61300.0024,1.0,1.0,25.013144,90.047319,161.0,54.353122,-1487.580257,0.220509,0.105769,0.0,25.018917,-0.006371,0.0,1487.598146,-34.45649,6.275703,1.0,0.0,0.0,0.0,1553.403229,-38.859569,1021.0,1.0,52.983735,6.0,-0.481003,34.645142,124.722511,34.645138,0.016817,5.9e-05,-0.42764,-0.097676,5.2e-05,0.016014,0.0,0.002198,0.0,0.0,0.0,0.0,-9999.0,-9999.0,-9999.0,-9999.0,-9999.0,-9999.0,-9999.0,-9999.0,-9999.0,-9999.0,-9999.0,-9999.0,-9999.0,-9999.0
P21_HV1_1_interaction,active_and_state_lat_and_long_zero_last_source_row_continuous_segment,P21,HV1,1,on_ramp,P21_HV1_1,P21_HV1.1.asc,HV1,60,initiator_active,3679,1,61316.67,61316.6675,1.0,1.0,25.017027,90.061298,161.0,54.770054,-1487.997141,0.21806,0.105507,0.0,25.022613,-0.007152,0.0,1488.015131,-34.459687,6.275805,1.0,0.0,0.0,0.0,1553.98063,-38.862792,1021.0,1.0,53.561144,6.0,-0.48131,34.637748,124.695892,34.637744,0.016776,5.9e-05,-0.448262,-0.097516,2.4e-05,0.016014,0.0,0.002198,0.0,0.0,0.0,0.0,-9999.0,-9999.0,-9999.0,-9999.0,-9999.0,-9999.0,-9999.0,-9999.0,-9999.0,-9999.0,-9999.0,-9999.0,-9999.0,-9999.0
P21_HV1_1_interaction,active_and_state_lat_and_long_zero_last_source_row_continuous_segment,P21,HV1,1,on_ramp,P21_HV1_1,P21_HV1.1.asc,HV1,60,initiator_active,3680,1,61333.33,61333.3341,1.0,1.0,25.020754,90.074716,161.0,55.187049,-1488.414088,0.212029,0.110249,0.0,25.026204,-0.007879,0.0,1488.432177,-34.462856,6.275906,1.0,0.0,0.0,0.0,1554.557907,-38.866042,1021.0,1.0,54.138431,6.0,-0.481645,34.630265,124.668955,34.630261,0.016745,5.9e-05,-0.449132,-0.097399,-3.6e-05,0.016014,0.0,0.002198,0.0,0.0,0.0,0.0,-9999.0,-9999.0,-9999.0,-9999.0,-9999.0,-9999.0,-9999.0,-9999.0,-9999.0,-9999.0,-9999.0,-9999.0,-9999.0,-9999.0
P21_HV1_1_interaction,active_and_state_lat_and_long_zero_last_source_row_continuous_segment,P21,HV1,1,on_ramp,P21_HV1_1,P21_HV1.1.asc,HV1,60,initiator_active,3681,1,61350.01,61350.0144,1.0,1.0,25.02443,90.087949,161.0,55.604106,-1488.831097,0.216591,0.109799,0.0,25.029739,-0.008496,0.0,1488.849283,-34.465996,6.276003,1.0,0.0,0.0,0.0,1555.13506,-38.869318,1021.0,1.0,54.715593,6.0,-0.482006,34.622778,124.641999,34.622774,0.016724,5.8e-05,-0.449259,-0.097316,-0.000116,0.016014,0.0,0.0,0.0,0.0,0.0,0.0,-9999.0,-9999.0,-9999.0,-9999.0,-9999.0,-9999.0,-9999.0,-9999.0,-9999.0,-9999.0,-9999.0,-9999.0,-9999.0,-9999.0
P21_HV1_1_interaction,active_and_state_lat_and_long_zero_last_source_row_continuous_segment,P21,HV1,1,on_ramp,P21_HV1_1,P21_HV1.1.asc,HV1,60,initiator_active,3682,1,61366.67,61366.6674,1.0,1.0,25.02797,90.100693,161.0,56.021222,-1489.248164,0.22043,0.112656,0.0,25.033375,-0.009014,0.0,1489.266449,-34.469107,6.276097,1.0,0.0,0.0,0.0,1555.712089,-38.872621,1021.0,1.0,55.292631,6.0,-0.482394,34.615557,124.616004,34.615553,0.016712,5.5e-05,-0.428519,-0.097271,-0.000155,0.016014,0.0,0.0,0.0,0.0,0.0,0.0,-9999.0,-9999.0,-9999.0,-9999.0,-9999.0,-9999.0,-9999.0,-9999.0,-9999.0,-9999.0,-9999.0,-9999.0,-9999.0,-9999.0
P21_HV1_1_interaction,active_and_state_lat_and_long_zero_last_source_row_continuous_segment,P21,HV1,1,on_ramp,P21_HV1_1,P21_HV1.1.asc,HV1,60,initiator_active,3683,1,61383.33,61383.3342,1.0,1.0,25.031543,90.113556,161.0,56.438398,-1489.665289,0.220245,0.116105,0.0,25.037047,-0.009394,0.0,1489.683675,-34.472188,6.276188,1.0,0.0,0.0,0.0,1556.288997,-38.875949,1021.0,1.0,55.869548,6.0,-0.482809,34.608427,124.590336,34.608423,0.016708,5.3e-05,-0.427486,-0.097245,-0.000141,0.016014,0.0,0.0,0.0,0.0,0.0,0.0,-9999.0,-9999.0,-9999.0,-9999.0,-9999.0,-9999.0,-9999.0,-9999.0,-9999.0,-9999.0,-9999.0,-9999.0,-9999.0,-9999.0
P21_HV1_1_interaction,active_and_state_lat_and_long_zero_last_source_row_continuous_segment,P21,HV1,1,on_ramp,P21_HV1_1,P21_HV1.1.asc,HV1,60,initiator_active,3684,1,61400.0,61400.0008,1.0,1.0,25.035211,90.12676,161.0,56.855635,-1490.082476,0.228734,0.120985,0.0,25.040815,-0.009623,0.0,1490.100963,-34.475239,6.276275,1.0,0.0,0.0,0.0,1556.865785,-38.879303,1021.0,1.0,56.446346,6.0,-0.483251,34.601305,124.564697,34.601301,0.016713,5.1e-05,-0.42718,-0.097244,-7.5e-05,0.016014,0.0,0.002198,0.0,0.0,0.0,0.0,-9999.0,-9999.0,-9999.0,-9999.0,-9999.0,-9999.0,-9999.0,-9999.0,-9999.0,-9999.0,-9999.0,-9999.0,-9999.0,-9999.0
P21_HV1_1_interaction,active_and_state_lat_and_long_zero_last_source_row_continuous_segment,P21,HV1,1,on_ramp,P21_HV1_1,P21_HV1.1.asc,HV1,60,initiator_active,3685,1,61416.67,61416.6738,1.0,1.0,25.038882,90.139976,161.0,57.272933,-1490.499722,0.219332,0.126217,0.0,25.044564,-0.009724,0.0,1490.518315,-34.478257,6.27636,1.0,0.0,0.0,0.0,1557.442454,-38.882684,1021.0,1.0,57.023025,6.0,-0.48372,34.593919,124.538108,34.593915,0.016724,5e-05,-0.447738,-0.097257,-2.3e-05,0.016014,0.0,0.002198,0.0,0.0,0.0,0.0,-9999.0,-9999.0,-9999.0,-9999.0,-9999.0,-9999.0,-9999.0,-9999.0,-9999.0,-9999.0,-9999.0,-9999.0,-9999.0,-9999.0
P21_HV1_1_interaction,active_and_state_lat_and_long_zero_last_source_row_continuous_segment,P21,HV1,1,on_ramp,P21_HV1_1,P21_HV1.1.asc,HV1,60,initiator_active,3686,1,61433.33,61433.3335,1.0,1.0,25.042721,90.153795,161.0,57.690295,-1490.917032,0.219151,0.128036,0.0,25.048216,-0.009694,0.0,1490.935729,-34.481242,6.276443,1.0,0.0,0.0,0.0,1558.019,-38.886091,1021.0,1.0,57.599581,6.0,-0.484215,34.586445,124.511203,34.586441,0.016741,5e-05,-0.448583,-0.097298,-9e-06,0.016014,0.0,0.0,0.0,0.0,0.0,0.0,-9999.0,-9999.0,-9999.0,-9999.0,-9999.0,-9999.0,-9999.0,-9999.0,-9999.0,-9999.0,-9999.0,-9999.0,-9999.0,-9999.0
P21_HV1_1_interaction,active_and_state_lat_and_long_zero_last_source_row_continuous_segment,P21,HV1,1,on_ramp,P21_HV1_1,P21_HV1.1.asc,HV1,60,initiator_active,3687,1,61450.0,61450.0041,1.0,1.0,25.046391,90.167008,161.0,58.107719,-1491.334403,0.222258,0.130678,0.0,25.051902,-0.009615,0.0,1491.353203,-34.484193,6.276525,1.0,0.0,0.0,0.0,1558.595423,-38.889524,1021.0,1.0,58.176013,6.0,-0.484737,34.579234,124.485243,34.57923,0.016764,5e-05,-0.427985,-0.097367,-1.6e-05,0.016014,0.0,0.0,0.0,0.0,0.0,0.0,-9999.0,-9999.0,-9999.0,-9999.0,-9999.0,-9999.0,-9999.0,-9999.0,-9999.0,-9999.0,-9999.0,-9999.0,-9999.0,-9999.0
P21_HV1_1_interaction,active_and_state_lat_and_long_zero_last_source_row_continuous_segment,P21,HV1,1,on_ramp,P21_HV1_1,P21_HV1.1.asc,HV1,60,initiator_active,3688,1,61466.67,61466.6674,1.0,1.0,25.050042,90.180152,161.0,58.525203,-1491.751835,0.227131,0.133127,0.0,25.055585,-0.009458,0.0,1491.77074,-34.487108,6.276607,1.0,0.0,0.0,0.0,1559.171724,-38.892983,1021.0,1.0,58.752325,6.0,-0.485285,34.572112,124.459605,34.572108,0.016791,5e-05,-0.427,-0.097442,-1e-06,0.016014,0.0,0.0,0.0,0.0,0.0,0.0,-9999.0,-9999.0,-9999.0,-9999.0,-9999.0,-9999.0,-9999.0,-9999.0,-9999.0,-9999.0,-9999.0,-9999.0,-9999.0,-9999.0
P21_HV1_1_interaction,active_and_state_lat_and_long_zero_last_source_row_continuous_segment,P21,HV1,1,on_ramp,P21_HV1_1,P21_HV1.1.asc,HV1,60,initiator_active,3689,1,61483.33,61483.3334,1.0,1.0,25.053754,90.193513,161.0,58.94275,-1492.169327,0.219994,0.135148,0.0,25.059352,-0.009274,0.0,1492.188339,-34.489986,6.276689,1.0,0.0,0.0,0.0,1559.747907,-38.896468,1021.0,1.0,59.328518,6.0,-0.485861,34.564998,124.433994,34.564994,0.016823,5e-05,-0.426709,-0.097532,4.7e-05,0.016014,0.0,0.0,0.0,0.0,0.0,0.0,-9999.0,-9999.0,-9999.0,-9999.0,-9999.0,-9999.0,-9999.0,-9999.0,-9999.0,-9999.0,-9999.0,-9999.0,-9999.0,-9999.0
P21_HV1_1_interaction,active_and_state_lat_and_long_zero_last_source_row_continuous_segment,P21,HV1,1,on_ramp,P21_HV1_1,P21_HV1.1.asc,HV1,60,initiator_active,3690,1,61500.0,61500.0004,1.0,1.0,25.057478,90.206919,161.0,59.360358,-1492.586881,0.214716,0.134856,0.0,25.063008,-0.009112,0.0,1492.606,-34.492827,6.276773,1.0,0.0,0.0,0.0,1560.32397,-38.89998,1021.0,1.0,59.904592,6.0,-0.486463,34.557888,124.408395,34.557884,0.016858,5.1e-05,-0.426554,-0.097635,9.6e-05,0.016014,0.0,0.0,0.0,0.0,0.0,0.0,-9999.0,-9999.0,-9999.0,-9999.0,-9999.0,-9999.0,-9999.0,-9999.0,-9999.0,-9999.0,-9999.0,-9999.0,-9999.0,-9999.0
P21_HV1_1_interaction,active_and_state_lat_and_long_zero_last_source_row_continuous_segment,P21,HV1,1,on_ramp,P21_HV1_1,P21_HV1.1.asc,HV1,60,initiator_active,3691,1,61516.67,61516.6705,1.0,1.0,25.061185,90.220265,161.0,59.778029,-1493.004497,0.22238,0.133472,0.0,25.066595,-0.009008,0.0,1493.023722,-34.495631,6.276857,1.0,0.0,0.0,0.0,1560.899915,-38.903517,1021.0,1.0,60.480547,6.0,-0.487092,34.550779,124.382804,34.550775,0.016896,5.3e-05,-0.426443,-0.097748,0.000133,0.016014,0.0,0.0,0.0,0.0,0.0,0.0,-9999.0,-9999.0,-9999.0,-9999.0,-9999.0,-9999.0,-9999.0,-9999.0,-9999.0,-9999.0,-9999.0,-9999.0,-9999.0,-9999.0
P21_HV1_1_interaction,active_and_state_lat_and_long_zero_last_source_row_continuous_segment,P21,HV1,1,on_ramp,P21_HV1_1,P21_HV1.1.asc,HV1,60,initiator_active,3692,1,61533.33,61533.3334,1.0,1.0,25.064797,90.233268,161.0,60.195761,-1493.422172,0.21961,0.127118,0.0,25.070297,-0.008947,0.0,1493.441505,-34.498398,6.276943,1.0,0.0,0.0,0.0,1561.475742,-38.907081,1021.0,1.0,61.056384,6.0,-0.487748,34.543672,124.357219,34.543668,0.016937,5.6e-05,-0.426345,-0.097869,0.000148,0.016014,0.0,0.0,0.0,0.0,0.0,0.0,-9999.0,-9999.0,-9999.0,-9999.0,-9999.0,-9999.0,-9999.0,-9999.0,-9999.0,-9999.0,-9999.0,-9999.0,-9999.0,-9999.0
P21_HV1_1_interaction,active_and_state_lat_and_long_zero_last_source_row_continuous_segment,P21,HV1,1,on_ramp,P21_HV1_1,P21_HV1.1.asc,HV1,60,initiator_active,3693,1,61550.0,61550.0008,1.0,1.0,25.068448,90.246412,161.0,60.613552,-1493.839907,0.22071,0.124681,0.0,25.074018,-0.008992,0.0,1493.859349,-34.501129,6.277029,1.0,0.0,0.0,0.0,1562.051449,-38.910672,1021.0,1.0,61.632103,6.0,-0.488431,34.536567,124.33164,34.536562,0.016979,5.8e-05,-0.426251,-0.097998,0.000146,0.016014,0.0,0.0,0.0,0.0,0.0,0.0,-9999.0,-9999.0,-9999.0,-9999.0,-9999.0,-9999.0,-9999.0,-9999.0,-9999.0,-9999.0,-9999.0,-9999.0,-9999.0,-9999.0
P21_HV1_1_interaction,active_and_state_lat_and_long_zero_last_source_row_continuous_segment,P21,HV1,1,on_ramp,P21_HV1_1,P21_HV1.1.asc,HV1,60,initiator_active,3694,1,61566.67,61566.6674,1.0,1.0,25.072127,90.259658,161.0,61.031406,-1494.257703,0.222023,0.121687,0.0,25.077662,-0.009102,0.0,1494.277256,-34.503825,6.277116,1.0,0.0,0.0,0.0,1562.627038,-38.914288,1021.0,1.0,62.207703,6.0,-0.489141,34.529463,124.306066,34.529458,0.017024,6.1e-05,-0.426159,-0.098133,0.00013,0.016014,0.0,0.0,0.0,0.0,0.0,0.0,-9999.0,-9999.0,-9999.0,-9999.0,-9999.0,-9999.0,-9999.0,-9999.0,-9999.0,-9999.0,-9999.0,-9999.0,-9999.0,-9999.0
P21_HV1_1_interaction,active_and_state_lat_and_long_zero_last_source_row_continuous_segment,P21,HV1,1,on_ramp,P21_HV1_1,P21_HV1.1.asc,HV1,60,initiator_active,3695,1,61583.33,61583.3343,1.0,1.0,25.075856,90.273083,161.0,61.449322,-1494.675561,0.219104,0.117864,0.0,25.081357,-0.009272,0.0,1494.695224,-34.506487,6.277202,1.0,0.0,0.0,0.0,1563.202509,-38.917931,1021.0,1.0,62.783184,6.0,-0.489878,34.52236,124.280497,34.522356,0.017069,6.2e-05,-0.426068,-0.098273,0.000106,0.016014,0.0,0.0,0.0,0.0,0.0,0.0,-9999.0,-9999.0,-9999.0,-9999.0,-9999.0,-9999.0,-9999.0,-9999.0,-9999.0,-9999.0,-9999.0,-9999.0,-9999.0,-9999.0
P21_HV1_1_interaction,active_and_state_lat_and_long_zero_last_source_row_continuous_segment,P21,HV1,1,on_ramp,P21_HV1_1,P21_HV1.1.asc,HV1,60,initiator_active,3696,1,61600.0,61600.0008,1.0,1.0,25.079512,90.286244,161.0,61.867298,-1495.093478,0.218497,0.113778,0.0,25.085004,-0.00947,0.0,1495.113253,-34.509117,6.277287,1.0,0.0,0.0,0.0,1563.777861,-38.921601,1021.0,1.0,63.358547,6.0,-0.490642,34.515259,124.254934,34.515255,0.017115,6.4e-05,-0.425977,-0.098416,7.9e-05,0.016014,0.0,0.002198,0.0,0.0,0.0,0.0,-9999.0,-9999.0,-9999.0,-9999.0,-9999.0,-9999.0,-9999.0,-9999.0,-9999.0,-9999.0,-9999.0,-9999.0,-9999.0,-9999.0
P21_HV1_1_interaction,active_and_state_lat_and_long_zero_last_source_row_continuous_segment,P21,HV1,1,on_ramp,P21_HV1_1,P21_HV1.1.asc,HV1,60,initiator_active,3697,1,61616.67,61616.6675,1.0,1.0,25.083183,90.299458,161.0,62.285336,-1495.511457,0.218581,0.112488,0.0,25.088645,-0.009683,0.0,1495.531343,-34.511716,6.27737,1.0,0.0,0.0,0.0,1564.353094,-38.925297,1021.0,1.0,63.933791,6.0,-0.491433,34.507893,124.228413,34.507888,0.017162,6.5e-05,-0.44661,-0.098552,2.5e-05,0.016014,0.0,0.0,0.0,0.0,0.0,0.0,-9999.0,-9999.0,-9999.0,-9999.0,-9999.0,-9999.0,-9999.0,-9999.0,-9999.0,-9999.0,-9999.0,-9999.0,-9999.0,-9999.0
P21_HV1_1_interaction,active_and_state_lat_and_long_zero_last_source_row_continuous_segment,P21,HV1,1,on_ramp,P21_HV1_1,P21_HV1.1.asc,HV1,60,initiator_active,3698,1,61633.33,61633.334,1.0,1.0,25.086824,90.312567,161.0,62.703435,-1495.929496,0.232356,0.107727,0.0,25.092353,-0.009874,0.0,1495.949494,-34.514284,6.277451,1.0,0.0,0.0,0.0,1564.928205,-38.929019,1021.0,1.0,64.508914,6.0,-0.492251,34.500705,124.202539,34.500701,0.017208,6.5e-05,-0.426747,-0.098707,-3e-05,0.016014,0.0,0.0,0.0,0.0,0.0,0.0,-9999.0,-9999.0,-9999.0,-9999.0,-9999.0,-9999.0,-9999.0,-9999.0,-9999.0,-9999.0,-9999.0,-9999.0,-9999.0,-9999.0
P21_HV1_1_interaction,active_and_state_lat_and_long_zero_last_source_row_continuous_segment,P21,HV1,1,on_ramp,P21_HV1_1,P21_HV1.1.asc,HV1,60,initiator_active,3699,1,61650.0,61650.0007,1.0,1.0,25.090466,90.325677,161.0,63.121595,-1496.347595,0.130798,0.103267,0.0,25.096199,-0.010054,0.0,1496.367708,-34.516823,6.277529,1.0,0.0,0.0,0.0,1565.503196,-38.932768,1021.0,1.0,65.083916,6.0,-0.493096,34.493602,124.176968,34.493598,0.017255,6.4e-05,-0.42592,-0.098854,-6.7e-05,0.016014,0.0,0.002198,0.0,0.0,0.0,0.0,-9999.0,-9999.0,-9999.0,-9999.0,-9999.0,-9999.0,-9999.0,-9999.0,-9999.0,-9999.0,-9999.0,-9999.0,-9999.0,-9999.0
P21_HV1_1_interaction,active_and_state_lat_and_long_zero_last_source_row_continuous_segment,P21,HV1,1,on_ramp,P21_HV1_1,P21_HV1.1.asc,HV1,60,initiator_active,3700,1,61666.67,61666.6667,1.0,1.0,25.094289,90.339441,161.0,63.539817,-1496.765757,0.210806,0.100649,0.0,25.098583,-0.010217,0.0,1496.78598,-34.519334,6.277603,1.0,0.0,0.0,0.0,1566.078067,-38.936543,1021.0,1.0,65.6588,6.0,-0.493968,34.486238,124.150457,34.486234,0.017301,6.2e-05,-0.446405,-0.098991,-9.3e-05,0.016014,0.0,0.002198,0.0,0.0,0.0,0.0,-9999.0,-9999.0,-9999.0,-9999.0,-9999.0,-9999.0,-9999.0,-9999.0,-9999.0,-9999.0,-9999.0,-9999.0,-9999.0,-9999.0
P21_HV1_1_interaction,active_and_state_lat_and_long_zero_last_source_row_continuous_segment,P21,HV1,1,on_ramp,P21_HV1_1,P21_HV1.1.asc,HV1,60,initiator_active,3701,1,61683.34,61683.3352,1.0,1.0,25.097289,90.35024,161.0,63.958097,-1497.183975,0.230425,0.096805,0.0,25.102224,-0.010313,0.0,1497.204297,-34.521818,6.277674,1.0,0.0,0.0,0.0,1566.652816,-38.940345,1021.0,1.0,66.233561,6.0,-0.494868,34.478887,124.123995,34.478883,0.017346,6.1e-05,-0.430008,-0.099144,-0.000132,0.016014,0.0,0.0,0.0,0.0,0.0,0.0,-9999.0,-9999.0,-9999.0,-9999.0,-9999.0,-9999.0,-9999.0,-9999.0,-9999.0,-9999.0,-9999.0,-9999.0,-9999.0,-9999.0
P21_HV1_1_interaction,active_and_state_lat_and_long_zero_last_source_row_continuous_segment,P21,HV1,1,on_ramp,P21_HV1_1,P21_HV1.1.asc,HV1,60,initiator_active,3702,1,61700.02,61700.0193,1.0,1.0,25.100339,90.361222,161.0,64.376422,-1497.602237,0.22194,0.091975,0.0,25.106027,-0.010398,0.0,1497.622676,-34.524275,6.27774,1.0,0.0,0.0,0.0,1567.227443,-38.944174,1021.0,1.0,66.8082,6.0,-0.495794,34.471776,124.098394,34.471772,0.01739,5.8e-05,-0.425917,-0.099289,-0.000132,0.016014,0.0,0.0,0.0,0.0,0.0,0.0,-9999.0,-9999.0,-9999.0,-9999.0,-9999.0,-9999.0,-9999.0,-9999.0,-9999.0,-9999.0,-9999.0,-9999.0,-9999.0,-9999.0
P21_HV1_1_interaction,active_and_state_lat_and_long_zero_last_source_row_continuous_segment,P21,HV1,1,on_ramp,P21_HV1_1,P21_HV1.1.asc,HV1,60,initiator_active,3703,1,61716.68,61716.6779,1.0,1.0,25.104144,90.374917,161.0,64.794809,-1498.020562,0.222882,0.089436,0.0,25.109746,-0.010416,0.0,1498.041117,-34.526708,6.277801,1.0,0.0,0.0,0.0,1567.801951,-38.948029,1021.0,1.0,67.38272,6.0,-0.496748,34.464682,124.072854,34.464677,0.017433,5.6e-05,-0.425483,-0.099429,-9.9e-05,0.016014,0.0,0.0,0.0,0.0,0.0,0.0,-9999.0,-9999.0,-9999.0,-9999.0,-9999.0,-9999.0,-9999.0,-9999.0,-9999.0,-9999.0,-9999.0,-9999.0,-9999.0,-9999.0
P21_HV1_1_interaction,active_and_state_lat_and_long_zero_last_source_row_continuous_segment,P21,HV1,1,on_ramp,P21_HV1_1,P21_HV1.1.asc,HV1,60,initiator_active,3704,1,61733.33,61733.3344,1.0,1.0,25.107876,90.388355,161.0,65.213259,-1498.438949,0.219467,0.082832,0.0,25.113438,-0.010377,0.0,1498.459622,-34.529117,6.277858,1.0,0.0,0.0,0.0,1568.376341,-38.951911,1021.0,1.0,67.957121,6.0,-0.49773,34.457592,124.04733,34.457587,0.017475,5.5e-05,-0.42529,-0.099567,-4.5e-05,0.016014,0.0,0.0,0.0,0.0,0.0,0.0,-9999.0,-9999.0,-9999.0,-9999.0,-9999.0,-9999.0,-9999.0,-9999.0,-9999.0,-9999.0,-9999.0,-9999.0,-9999.0,-9999.0
P21_HV1_1_interaction,active_and_state_lat_and_long_zero_last_source_row_continuous_segment,P21,HV1,1,on_ramp,P21_HV1_1,P21_HV1.1.asc,HV1,60,initiator_active,3705,1,61750.0,61750.0009,1.0,1.0,25.111604,90.401773,161.0,65.631771,-1498.857397,0.226193,0.078461,0.0,25.117127,-0.010318,0.0,1498.878187,-34.531503,6.27791,1.0,0.0,0.0,0.0,1568.950611,-38.95582,1021.0,1.0,68.531405,6.0,-0.498738,34.450504,124.021815,34.4505,0.017515,5.5e-05,-0.425166,-0.099701,7e-06,0.016014,0.0,0.0,0.0,0.0,0.0,0.0,-9999.0,-9999.0,-9999.0,-9999.0,-9999.0,-9999.0,-9999.0,-9999.0,-9999.0,-9999.0,-9999.0,-9999.0,-9999.0,-9999.0
P21_HV1_1_interaction,active_and_state_lat_and_long_zero_last_source_row_continuous_segment,P21,HV1,1,on_ramp,P21_HV1_1,P21_HV1.1.asc,HV1,60,initiator_active,3706,1,61766.67,61766.6672,1.0,1.0,25.115267,90.41496,161.0,66.050345,-1499.275907,0.227469,0.07136,0.0,25.120867,-0.010186,0.0,1499.296815,-34.533869,6.277956,1.0,0.0,0.0,0.0,1569.524764,-38.959755,1021.0,1.0,69.10557,6.0,-0.499774,34.443419,123.996307,34.443414,0.017554,5.6e-05,-0.425065,-0.099831,4.5e-05,0.016014,0.0,0.0,0.0,0.0,0.0,0.0,-9999.0,-9999.0,-9999.0,-9999.0,-9999.0,-9999.0,-9999.0,-9999.0,-9999.0,-9999.0,-9999.0,-9999.0,-9999.0,-9999.0
P21_HV1_1_interaction,active_and_state_lat_and_long_zero_last_source_row_continuous_segment,P21,HV1,1,on_ramp,P21_HV1_1,P21_HV1.1.asc,HV1,60,initiator_active,3707,1,61783.33,61783.3338,1.0,1.0,25.119012,90.428443,161.0,66.46898,-1499.694478,0.225443,0.066549,0.0,25.124701,-0.010033,0.0,1499.715505,-34.536215,6.277997,1.0,0.0,0.0,0.0,1570.098798,-38.963718,1021.0,1.0,69.679617,6.0,-0.500838,34.436334,123.970804,34.43633,0.017591,5.7e-05,-0.424971,-0.099956,6.7e-05,0.016014,0.0,0.0,0.0,0.0,0.0,0.0,-9999.0,-9999.0,-9999.0,-9999.0,-9999.0,-9999.0,-9999.0,-9999.0,-9999.0,-9999.0,-9999.0,-9999.0,-9999.0,-9999.0
P21_HV1_1_interaction,active_and_state_lat_and_long_zero_last_source_row_continuous_segment,P21,HV1,1,on_ramp,P21_HV1_1,P21_HV1.1.asc,HV1,60,initiator_active,3708,1,61800.0,61800.0033,1.0,1.0,25.122763,90.441945,161.0,66.887678,-1500.113111,0.221903,0.062866,0.0,25.128406,-0.009823,0.0,1500.134259,-34.538543,6.278032,1.0,0.0,0.0,0.0,1570.672715,-38.967707,1021.0,1.0,70.253546,6.0,-0.501929,34.429252,123.945307,34.429247,0.017627,5.8e-05,-0.42488,-0.100077,7.3e-05,0.016014,0.0,0.0,0.0,0.0,0.0,0.0,-9999.0,-9999.0,-9999.0,-9999.0,-9999.0,-9999.0,-9999.0,-9999.0,-9999.0,-9999.0,-9999.0,-9999.0,-9999.0,-9999.0
P21_HV1_1_interaction,active_and_state_lat_and_long_zero_last_source_row_continuous_segment,P21,HV1,1,on_ramp,P21_HV1_1,P21_HV1.1.asc,HV1,60,initiator_active,3709,1,61816.67,61816.6677,1.0,1.0,25.126579,90.455685,161.0,67.30644,-1500.531807,0.215535,0.057302,0.0,25.132062,-0.00957,0.0,1500.553074,-34.540854,6.278062,1.0,0.0,0.0,0.0,1571.278387,-38.971947,1021.0,1.0,70.859232,6.0,-0.50311,34.421777,123.918399,34.421773,0.017663,5.9e-05,-0.424784,-0.100198,6.8e-05,0.016014,0.0,0.002198,0.0,0.0,0.0,0.0,-9999.0,-9999.0,-9999.0,-9999.0,-9999.0,-9999.0,-9999.0,-9999.0,-9999.0,-9999.0,-9999.0,-9999.0,-9999.0,-9999.0
P21_HV1_1_interaction,active_and_state_lat_and_long_zero_last_source_row_continuous_segment,P21,HV1,1,on_ramp,P21_HV1_1,P21_HV1.1.asc,HV1,60,initiator_active,3710,1,61833.33,61833.3343,1.0,1.0,25.130255,90.468919,7.0,0.112444,-1500.950565,0.233965,0.051934,0.0,25.135671,-0.009244,0.0,1500.971951,-34.543151,6.278086,1.0,0.0,0.0,0.0,1571.820191,-38.975766,1021.0,1.0,71.401049,6.0,-0.504193,34.414843,123.893434,34.414838,0.017693,6e-05,-0.445281,-0.100293,3.1e-05,0.016014,0.0,0.0,0.0,0.0,0.0,0.0,-9999.0,-9999.0,-9999.0,-9999.0,-9999.0,-9999.0,-9999.0,-9999.0,-9999.0,-9999.0,-9999.0,-9999.0,-9999.0,-9999.0
P21_HV1_1_interaction,active_and_state_lat_and_long_zero_last_source_row_continuous_segment,P21,HV1,1,on_ramp,P21_HV1_1,P21_HV1.1.asc,HV1,60,initiator_active,3711,1,61850.0,61850.0011,1.0,1.0,25.133858,90.481889,7.0,0.531327,-1501.369383,0.219983,0.047281,0.0,25.139537,-0.008862,0.0,1501.390888,-34.545434,6.278105,1.0,0.0,0.0,0.0,1572.393749,-38.979836,1021.0,1.0,71.97462,6.0,-0.505366,34.407676,123.867634,34.407671,0.017723,6e-05,-0.425533,-0.100406,-1.2e-05,0.016014,0.0,0.0,0.0,0.0,0.0,0.0,-9999.0,-9999.0,-9999.0,-9999.0,-9999.0,-9999.0,-9999.0,-9999.0,-9999.0,-9999.0,-9999.0,-9999.0,-9999.0,-9999.0
P21_HV1_1_interaction,active_and_state_lat_and_long_zero_last_source_row_continuous_segment,P21,HV1,1,on_ramp,P21_HV1_1,P21_HV1.1.asc,HV1,60,initiator_active,3712,1,61866.67,61866.67,1.0,1.0,25.137621,90.495434,7.0,0.950271,-1501.788263,0.220064,0.044707,0.0,25.143215,-0.008422,0.0,1501.809889,-34.547705,6.278119,1.0,0.0,0.0,0.0,1572.967187,-38.983933,1021.0,1.0,72.548071,6.0,-0.506567,34.400593,123.842135,34.400588,0.017751,5.9e-05,-0.424727,-0.100505,-4.6e-05,0.016014,0.0,0.0,0.0,0.0,0.0,0.0,-9999.0,-9999.0,-9999.0,-9999.0,-9999.0,-9999.0,-9999.0,-9999.0,-9999.0,-9999.0,-9999.0,-9999.0,-9999.0,-9999.0
P21_HV1_1_interaction,active_and_state_lat_and_long_zero_last_source_row_continuous_segment,P21,HV1,1,on_ramp,P21_HV1_1,P21_HV1.1.asc,HV1,60,initiator_active,3713,1,61883.33,61883.3342,1.0,1.0,25.14137,90.508932,7.0,1.369278,-1502.207205,0.221176,0.038823,0.0,25.146863,-0.007921,0.0,1502.228952,-34.549963,6.278128,1.0,0.0,0.0,0.0,1573.540507,-38.988057,1021.0,1.0,73.121404,6.0,-0.507796,34.393516,123.816658,34.393512,0.017777,5.8e-05,-0.424491,-0.100599,-4.5e-05,0.016014,0.0,0.0,0.0,0.0,0.0,0.0,-9999.0,-9999.0,-9999.0,-9999.0,-9999.0,-9999.0,-9999.0,-9999.0,-9999.0,-9999.0,-9999.0,-9999.0,-9999.0,-9999.0
P21_HV1_1_interaction,active_and_state_lat_and_long_zero_last_source_row_continuous_segment,P21,HV1,1,on_ramp,P21_HV1_1,P21_HV1.1.asc,HV1,60,initiator_active,3714,1,61900.14,61900.1359,1.0,1.0,25.145049,90.522177,7.0,1.788346,-1502.626209,0.220679,0.03757,0.0,25.150574,-0.007401,0.0,1502.648075,-34.552211,6.278133,1.0,0.0,0.0,0.0,1574.113708,-38.992207,1021.0,1.0,73.694619,6.0,-0.509052,34.386442,123.791191,34.386437,0.017802,5.8e-05,-0.424355,-0.100687,-2.9e-05,0.016014,0.0,0.0,0.0,0.0,0.0,0.0,-9999.0,-9999.0,-9999.0,-9999.0,-9999.0,-9999.0,-9999.0,-9999.0,-9999.0,-9999.0,-9999.0,-9999.0,-9999.0,-9999.0
P21_HV1_1_interaction,active_and_state_lat_and_long_zero_last_source_row_continuous_segment,P21,HV1,1,on_ramp,P21_HV1_1,P21_HV1.1.asc,HV1,60,initiator_active,3715,1,61916.67,61916.6675,1.0,1.0,25.148706,90.535343,7.0,2.207476,-1503.045273,0.223871,0.034997,0.0,25.15426,-0.006837,0.0,1503.067261,-34.55445,6.278135,1.0,0.0,0.0,0.0,1574.686791,-38.996385,1021.0,1.0,74.267716,6.0,-0.510336,34.37937,123.765732,34.379365,0.017824,5.8e-05,-0.42425,-0.10077,-1e-05,0.016014,0.0,0.002198,0.0,0.0,0.0,0.0,-9999.0,-9999.0,-9999.0,-9999.0,-9999.0,-9999.0,-9999.0,-9999.0,-9999.0,-9999.0,-9999.0,-9999.0,-9999.0,-9999.0
P21_HV1_1_interaction,active_and_state_lat_and_long_zero_last_source_row_continuous_segment,P21,HV1,1,on_ramp,P21_HV1_1,P21_HV1.1.asc,HV1,60,initiator_active,3716,1,61933.33,61933.3336,1.0,1.0,25.152413,90.548686,7.0,2.626667,-1503.464399,0.217304,0.031342,0.0,25.157961,-0.006246,0.0,1503.486508,-34.556679,6.278134,1.0,0.0,0.0,0.0,1575.259756,-39.00059,1021.0,1.0,74.840695,6.0,-0.511647,34.372031,123.739313,34.372027,0.017845,5.8e-05,-0.444891,-0.100838,-2.1e-05,0.016014,0.0,0.0,0.0,0.0,0.0,0.0,-9999.0,-9999.0,-9999.0,-9999.0,-9999.0,-9999.0,-9999.0,-9999.0,-9999.0,-9999.0,-9999.0,-9999.0,-9999.0,-9999.0
P21_HV1_1_interaction,active_and_state_lat_and_long_zero_last_source_row_continuous_segment,P21,HV1,1,on_ramp,P21_HV1_1,P21_HV1.1.asc,HV1,60,initiator_active,3717,1,61950.0,61950.0001,1.0,1.0,25.156125,90.562051,7.0,3.04592,-1503.883587,0.216708,0.028566,0.0,25.161578,-0.005642,0.0,1503.905816,-34.5589,6.27813,1.0,0.0,0.0,0.0,1575.832599,-39.004822,1021.0,1.0,75.413552,6.0,-0.512986,34.364873,123.713543,34.364868,0.017864,5.7e-05,-0.425008,-0.100919,-4.1e-05,0.016014,0.0,0.0,0.0,0.0,0.0,0.0,-9999.0,-9999.0,-9999.0,-9999.0,-9999.0,-9999.0,-9999.0,-9999.0,-9999.0,-9999.0,-9999.0,-9999.0,-9999.0,-9999.0
P21_HV1_1_interaction,active_and_state_lat_and_long_zero_last_source_row_continuous_segment,P21,HV1,1,on_ramp,P21_HV1_1,P21_HV1.1.asc,HV1,60,initiator_active,3718,1,61966.67,61966.6678,1.0,1.0,25.159772,90.575179,7.0,3.465234,-1504.302836,0.113728,0.024217,0.0,25.164696,-0.005055,0.0,1504.325185,-34.561113,6.278124,1.0,0.0,0.0,0.0,1576.405322,-39.009081,1021.0,1.0,75.98629,6.0,-0.514353,34.357799,123.688076,34.357794,0.017881,5.6e-05,-0.424189,-0.100985,-5.4e-05,0.016014,0.0,0.002198,0.0,0.0,0.0,0.0,-9999.0,-9999.0,-9999.0,-9999.0,-9999.0,-9999.0,-9999.0,-9999.0,-9999.0,-9999.0,-9999.0,-9999.0,-9999.0,-9999.0
P21_HV1_1_interaction,active_and_state_lat_and_long_zero_last_source_row_continuous_segment,P21,HV1,1,on_ramp,P21_HV1_1,P21_HV1.1.asc,HV1,60,initiator_active,3719,1,61983.33,61983.334,1.0,1.0,25.163384,90.588182,7.0,3.884609,-1504.722144,0.169946,0.021489,0.0,25.167036,-0.004484,0.0,1504.744598,-34.56332,6.278117,1.0,0.0,0.0,0.0,1576.977927,-39.013367,1021.0,1.0,76.558908,6.0,-0.515748,34.350463,123.661668,34.350459,0.017896,5.5e-05,-0.444687,-0.101038,-6.5e-05,0.016014,0.0,0.0,0.0,0.0,0.0,0.0,-9999.0,-9999.0,-9999.0,-9999.0,-9999.0,-9999.0,-9999.0,-9999.0,-9999.0,-9999.0,-9999.0,-9999.0,-9999.0,-9999.0
P21_HV1_1_interaction,active_and_state_lat_and_long_zero_last_source_row_continuous_segment,P21,HV1,1,on_ramp,P21_HV1_1,P21_HV1.1.asc,HV1,60,initiator_active,3720,1,62000.01,62000.007,1.0,1.0,25.165643,90.596316,7.0,4.304028,-1505.141498,0.222489,0.017522,0.0,25.170082,-0.003946,0.0,1505.164055,-34.56552,6.278109,1.0,0.0,0.0,0.0,1577.55041,-39.017681,1021.0,1.0,77.131406,6.0,-0.51717,34.343309,123.635912,34.343304,0.01791,5.4e-05,-0.424754,-0.101103,-6.8e-05,0.016014,0.0,0.0,0.0,0.0,0.0,0.0,-9999.0,-9999.0,-9999.0,-9999.0,-9999.0,-9999.0,-9999.0,-9999.0,-9999.0,-9999.0,-9999.0,-9999.0,-9999.0,-9999.0
P21_HV1_1_interaction,active_and_state_lat_and_long_zero_last_source_row_continuous_segment,P21,HV1,1,on_ramp,P21_HV1_1,P21_HV1.1.asc,HV1,60,initiator_active,3721,1,62016.67,62016.6668,1.0,1.0,25.168452,90.606426,7.0,4.72349,-1505.560894,0.231103,0.013649,0.0,25.173846,-0.003433,0.0,1505.583565,-34.567716,6.2781,1.0,0.0,0.0,0.0,1578.122773,-39.022021,1021.0,1.0,77.703784,6.0,-0.51862,34.336239,123.610461,34.336234,0.017922,5.3e-05,-0.423922,-0.101154,-6e-05,0.016014,0.0,0.0,0.0,0.0,0.0,0.0,-9999.0,-9999.0,-9999.0,-9999.0,-9999.0,-9999.0,-9999.0,-9999.0,-9999.0,-9999.0,-9999.0,-9999.0,-9999.0,-9999.0
P21_HV1_1_interaction,active_and_state_lat_and_long_zero_last_source_row_continuous_segment,P21,HV1,1,on_ramp,P21_HV1_1,P21_HV1.1.asc,HV1,60,initiator_active,3722,1,62033.33,62033.3339,1.0,1.0,25.171936,90.61897,7.0,5.143007,-1505.980345,0.221919,0.010477,0.0,25.177657,-0.002966,0.0,1506.00314,-34.569908,6.27809,1.0,0.0,0.0,0.0,1578.695018,-39.026389,1021.0,1.0,78.276044,6.0,-0.520097,34.329176,123.585033,34.329171,0.017932,5.2e-05,-0.423678,-0.101201,-2.6e-05,0.016014,0.0,0.0,0.0,0.0,0.0,0.0,-9999.0,-9999.0,-9999.0,-9999.0,-9999.0,-9999.0,-9999.0,-9999.0,-9999.0,-9999.0,-9999.0,-9999.0,-9999.0,-9999.0
P21_HV1_1_interaction,active_and_state_lat_and_long_zero_last_source_row_continuous_segment,P21,HV1,1,on_ramp,P21_HV1_1,P21_HV1.1.asc,HV1,60,initiator_active,3723,1,62050.0,62050.001,1.0,1.0,25.175772,90.632781,7.0,5.562587,-1506.399859,0.23186,0.007738,0.0,25.181344,-0.002538,0.0,1506.422777,-34.572097,6.27808,1.0,0.0,0.0,0.0,1579.267146,-39.030783,1021.0,1.0,78.848186,6.0,-0.521603,34.322115,123.559615,34.322111,0.017941,5.2e-05,-0.423539,-0.101244,1.4e-05,0.016014,0.0,0.0,0.0,0.0,0.0,0.0,-9999.0,-9999.0,-9999.0,-9999.0,-9999.0,-9999.0,-9999.0,-9999.0,-9999.0,-9999.0,-9999.0,-9999.0,-9999.0,-9999.0
P21_HV1_1_interaction,active_and_state_lat_and_long_zero_last_source_row_continuous_segment,P21,HV1,1,on_ramp,P21_HV1_1,P21_HV1.1.asc,HV1,60,initiator_active,3724,1,62066.67,62066.6732,1.0,1.0,25.179506,90.646222,7.0,5.982229,-1506.819436,0.220992,0.005283,0.0,25.185181,-0.002145,0.0,1506.842476,-34.574284,6.27807,1.0,0.0,0.0,0.0,1579.839155,-39.035205,1021.0,1.0,79.42021,6.0,-0.523136,34.315057,123.534204,34.315052,0.017949,5.3e-05,-0.423434,-0.101282,4.5e-05,0.016014,0.0,0.0,0.0,0.0,0.0,0.0,-9999.0,-9999.0,-9999.0,-9999.0,-9999.0,-9999.0,-9999.0,-9999.0,-9999.0,-9999.0,-9999.0,-9999.0,-9999.0,-9999.0
P21_HV1_1_interaction,active_and_state_lat_and_long_zero_last_source_row_continuous_segment,P21,HV1,1,on_ramp,P21_HV1_1,P21_HV1.1.asc,HV1,60,initiator_active,3725,1,62083.33,62083.3342,1.0,1.0,25.183276,90.659793,7.0,6.401934,-1507.239075,0.218771,0.003029,0.0,25.188848,-0.001786,0.0,1507.262238,-34.576469,6.278059,1.0,0.0,0.0,0.0,1580.411046,-39.039654,1021.0,1.0,79.992117,6.0,-0.524696,34.308,123.508799,34.307995,0.017955,5.4e-05,-0.423339,-0.101315,6.5e-05,0.016014,0.0,0.0,0.0,0.0,0.0,0.0,-9999.0,-9999.0,-9999.0,-9999.0,-9999.0,-9999.0,-9999.0,-9999.0,-9999.0,-9999.0,-9999.0,-9999.0,-9999.0,-9999.0
P21_HV1_1_interaction,active_and_state_lat_and_long_zero_last_source_row_continuous_segment,P21,HV1,1,on_ramp,P21_HV1_1,P21_HV1.1.asc,HV1,60,initiator_active,3726,1,62100.0,62100.0008,1.0,1.0,25.187022,90.67328,7.0,6.821702,-1507.658777,0.217815,0.000944,0.0,25.192527,-0.001461,0.0,1507.682062,-34.578653,6.278048,1.0,0.0,0.0,0.0,1580.98282,-39.04413,1021.0,1.0,80.563905,6.0,-0.526285,34.300944,123.483399,34.30094,0.01796,5.5e-05,-0.423248,-0.101345,7.1e-05,0.016014,0.0,0.0,0.0,0.0,0.0,0.0,-9999.0,-9999.0,-9999.0,-9999.0,-9999.0,-9999.0,-9999.0,-9999.0,-9999.0,-9999.0,-9999.0,-9999.0,-9999.0,-9999.0
P21_HV1_1_interaction,active_and_state_lat_and_long_zero_last_source_row_continuous_segment,P21,HV1,1,on_ramp,P21_HV1_1,P21_HV1.1.asc,HV1,60,initiator_active,3727,1,62116.67,62116.6684,1.0,1.0,25.190671,90.686416,7.0,7.241532,-1508.07854,0.225067,0.0007,0.0,25.196178,-0.001168,0.0,1508.101946,-34.580837,6.278037,1.0,0.0,0.0,0.0,1581.554475,-39.048633,1021.0,1.0,81.135577,6.0,-0.527901,34.29389,123.458005,34.293886,0.017963,5.6e-05,-0.423157,-0.10137,6.8e-05,0.016014,0.0,0.0,0.0,0.0,0.0,0.0,-9999.0,-9999.0,-9999.0,-9999.0,-9999.0,-9999.0,-9999.0,-9999.0,-9999.0,-9999.0,-9999.0,-9999.0,-9999.0,-9999.0
P21_HV1_1_interaction,active_and_state_lat_and_long_zero_last_source_row_continuous_segment,P21,HV1,1,on_ramp,P21_HV1_1,P21_HV1.1.asc,HV1,60,initiator_active,3728,1,62133.34,62133.3352,1.0,1.0,25.194342,90.699633,7.0,7.661422,-1508.498364,0.225782,-0.000182,0.0,25.199937,-0.000885,0.0,1508.521892,-34.583021,6.278026,1.0,0.0,0.0,0.0,1582.126013,-39.053164,1021.0,1.0,81.70713,6.0,-0.529545,34.286838,123.432616,34.286833,0.017966,5.7e-05,-0.423068,-0.101392,5.9e-05,0.016014,0.0,0.0,0.0,0.0,0.0,0.0,-9999.0,-9999.0,-9999.0,-9999.0,-9999.0,-9999.0,-9999.0,-9999.0,-9999.0,-9999.0,-9999.0,-9999.0,-9999.0,-9999.0
P21_HV1_1_interaction,active_and_state_lat_and_long_zero_last_source_row_continuous_segment,P21,HV1,1,on_ramp,P21_HV1_1,P21_HV1.1.asc,HV1,60,initiator_active,3729,1,62150.0,62150.0001,1.0,1.0,25.198054,90.712994,7.0,8.081374,-1508.91825,0.2261,0.000369,0.0,25.203664,-0.000624,0.0,1508.941901,-34.585205,6.278015,1.0,0.0,0.0,0.0,1582.697434,-39.057721,1021.0,1.0,82.278566,6.0,-0.531217,34.279787,123.407233,34.279782,0.017967,5.8e-05,-0.422978,-0.101411,4.5e-05,0.016014,0.0,0.0,0.0,0.0,0.0,0.0,-9999.0,-9999.0,-9999.0,-9999.0,-9999.0,-9999.0,-9999.0,-9999.0,-9999.0,-9999.0,-9999.0,-9999.0,-9999.0,-9999.0
P21_HV1_1_interaction,active_and_state_lat_and_long_zero_last_source_row_continuous_segment,P21,HV1,1,on_ramp,P21_HV1_1,P21_HV1.1.asc,HV1,60,initiator_active,3730,1,62166.67,62166.6675,1.0,1.0,25.201818,90.726546,7.0,8.501388,-1509.338198,0.211365,0.000153,0.0,25.207376,-0.00037,0.0,1509.361972,-34.587389,6.278005,1.0,0.0,0.0,0.0,1583.268736,-39.062306,1021.0,1.0,82.849884,6.0,-0.532917,34.272738,123.381855,34.272733,0.017968,5.8e-05,-0.422888,-0.101426,3.1e-05,0.016014,0.0,0.0,0.0,0.0,0.0,0.0,-9999.0,-9999.0,-9999.0,-9999.0,-9999.0,-9999.0,-9999.0,-9999.0,-9999.0,-9999.0,-9999.0,-9999.0,-9999.0,-9999.0
P21_HV1_1_interaction,active_and_state_lat_and_long_zero_last_source_row_continuous_segment,P21,HV1,1,on_ramp,P21_HV1_1,P21_HV1.1.asc,HV1,60,initiator_active,3731,1,62183.33,62183.3343,1.0,1.0,25.205548,90.739973,7.0,8.921465,-1509.758209,0.21665,-0.000322,0.0,25.210918,-0.000138,0.0,1509.782104,-34.589573,6.277996,1.0,0.0,0.0,0.0,1583.839921,-39.066918,1021.0,1.0,83.421085,6.0,-0.534644,34.26569,123.356483,34.265685,0.017967,5.9e-05,-0.422798,-0.101438,1.7e-05,0.016014,0.0,0.002198,0.0,0.0,0.0,0.0,-9999.0,-9999.0,-9999.0,-9999.0,-9999.0,-9999.0,-9999.0,-9999.0,-9999.0,-9999.0,-9999.0,-9999.0,-9999.0,-9999.0
P21_HV1_1_interaction,active_and_state_lat_and_long_zero_last_source_row_continuous_segment,P21,HV1,1,on_ramp,P21_HV1_1,P21_HV1.1.asc,HV1,60,initiator_active,3732,1,62200.01,62200.0078,1.0,1.0,25.209137,90.752895,7.0,9.341602,-1510.178281,0.213513,-0.00075,0.0,25.214535,6.6e-05,0.0,1510.202295,-34.591758,6.277987,1.0,0.0,0.0,0.0,1584.410987,-39.071557,1021.0,1.0,83.992168,6.0,-0.536399,34.258375,123.33015,34.25837,0.017966,5.9e-05,-0.443453,-0.101438,-2.3e-05,0.016014,0.0,0.0,0.0,0.0,0.0,0.0,-9999.0,-9999.0,-9999.0,-9999.0,-9999.0,-9999.0,-9999.0,-9999.0,-9999.0,-9999.0,-9999.0,-9999.0,-9999.0,-9999.0
P21_HV1_1_interaction,active_and_state_lat_and_long_zero_last_source_row_continuous_segment,P21,HV1,1,on_ramp,P21_HV1_1,P21_HV1.1.asc,HV1,60,initiator_active,3733,1,62216.67,62216.6674,1.0,1.0,25.212724,90.765805,7.0,9.761799,-1510.598411,0.217859,-0.001014,0.0,25.218069,0.00024,0.0,1510.622546,-34.593943,6.277979,1.0,0.0,0.0,0.0,1584.981933,-39.076223,1021.0,1.0,84.56313,6.0,-0.538182,34.251241,123.304467,34.251236,0.017963,5.8e-05,-0.423556,-0.101453,-6.1e-05,0.016014,0.0,0.0,0.0,0.0,0.0,0.0,-9999.0,-9999.0,-9999.0,-9999.0,-9999.0,-9999.0,-9999.0,-9999.0,-9999.0,-9999.0,-9999.0,-9999.0,-9999.0,-9999.0
P21_HV1_1_interaction,active_and_state_lat_and_long_zero_last_source_row_continuous_segment,P21,HV1,1,on_ramp,P21_HV1_1,P21_HV1.1.asc,HV1,60,initiator_active,3734,1,62233.33,62233.3343,1.0,1.0,25.216314,90.778732,7.0,10.182056,-1511.018602,0.221847,-0.001094,0.0,25.221716,0.000386,0.0,1511.042856,-34.596129,6.277972,1.0,0.0,0.0,0.0,1585.552759,-39.080916,1021.0,1.0,85.133972,6.0,-0.539993,34.244191,123.279088,34.244186,0.01796,5.7e-05,-0.422744,-0.101457,-8.5e-05,0.016014,0.0,0.0,0.0,0.0,0.0,0.0,-9999.0,-9999.0,-9999.0,-9999.0,-9999.0,-9999.0,-9999.0,-9999.0,-9999.0,-9999.0,-9999.0,-9999.0,-9999.0,-9999.0
P21_HV1_1_interaction,active_and_state_lat_and_long_zero_last_source_row_continuous_segment,P21,HV1,1,on_ramp,P21_HV1_1,P21_HV1.1.asc,HV1,60,initiator_active,3735,1,62250.0,62250.0042,1.0,1.0,25.219884,90.791583,7.0,10.602372,-1511.438853,0.216372,-0.001004,0.0,25.225432,0.000506,0.0,1511.463228,-34.598315,6.277966,1.0,0.0,0.0,0.0,1586.123467,-39.085637,1021.0,1.0,85.704697,6.0,-0.541831,34.237147,123.25373,34.237142,0.017956,5.5e-05,-0.422506,-0.10146,-7.3e-05,0.016014,0.0,0.0,0.0,0.0,0.0,0.0,-9999.0,-9999.0,-9999.0,-9999.0,-9999.0,-9999.0,-9999.0,-9999.0,-9999.0,-9999.0,-9999.0,-9999.0,-9999.0,-9999.0
P21_HV1_1_interaction,active_and_state_lat_and_long_zero_last_source_row_continuous_segment,P21,HV1,1,on_ramp,P21_HV1_1,P21_HV1.1.asc,HV1,60,initiator_active,3736,1,62266.67,62266.6673,1.0,1.0,25.223565,90.804833,7.0,11.022749,-1511.859164,0.212975,-0.002449,0.0,25.228987,0.000601,0.0,1511.883661,-34.600502,6.277962,1.0,0.0,0.0,0.0,1586.694057,-39.090384,1021.0,1.0,86.275304,6.0,-0.543697,34.230106,123.228382,34.230101,0.017952,5.4e-05,-0.42237,-0.10146,-4.5e-05,0.016014,0.0,0.0,0.0,0.0,0.0,0.0,-9999.0,-9999.0,-9999.0,-9999.0,-9999.0,-9999.0,-9999.0,-9999.0,-9999.0,-9999.0,-9999.0,-9999.0,-9999.0,-9999.0
P21_HV1_1_interaction,active_and_state_lat_and_long_zero_last_source_row_continuous_segment,P21,HV1,1,on_ramp,P21_HV1_1,P21_HV1.1.asc,HV1,60,initiator_active,3737,1,62283.33,62283.3342,1.0,1.0,25.227235,90.818047,7.0,11.443187,-1512.279537,0.213765,-0.00298,0.0,25.232529,0.000651,0.0,1512.304153,-34.60269,6.277958,1.0,0.0,0.0,0.0,1587.26453,-39.095159,1021.0,1.0,86.845794,6.0,-0.545591,34.223067,123.203041,34.223062,0.017947,5.4e-05,-0.422265,-0.101459,-1.6e-05,0.016014,0.0,0.0,0.0,0.0,0.0,0.0,-9999.0,-9999.0,-9999.0,-9999.0,-9999.0,-9999.0,-9999.0,-9999.0,-9999.0,-9999.0,-9999.0,-9999.0,-9999.0,-9999.0
P21_HV1_1_interaction,active_and_state_lat_and_long_zero_last_source_row_continuous_segment,P21,HV1,1,on_ramp,P21_HV1_1,P21_HV1.1.asc,HV1,60,initiator_active,3738,1,62300.01,62300.0068,1.0,1.0,25.230762,90.830743,7.0,11.863685,-1512.699969,0.216856,-0.003007,0.0,25.236113,0.000672,0.0,1512.724704,-34.604878,6.277955,1.0,0.0,0.0,0.0,1587.834886,-39.099961,1021.0,1.0,87.416166,6.0,-0.547512,34.21603,123.177706,34.216025,0.017941,5.4e-05,-0.422171,-0.101455,7e-06,0.016014,0.0,0.0,0.0,0.0,0.0,0.0,-9999.0,-9999.0,-9999.0,-9999.0,-9999.0,-9999.0,-9999.0,-9999.0,-9999.0,-9999.0,-9999.0,-9999.0,-9999.0,-9999.0
P21_HV1_1_interaction,active_and_state_lat_and_long_zero_last_source_row_continuous_segment,P21,HV1,1,on_ramp,P21_HV1_1,P21_HV1.1.asc,HV1,60,initiator_active,3739,1,62316.67,62316.6676,1.0,1.0,25.23431,90.843516,7.0,12.284242,-1513.12046,0.220664,-0.003996,0.0,25.239727,0.000661,0.0,1513.145315,-34.607067,6.277953,1.0,0.0,0.0,0.0,1588.405123,-39.10479,1021.0,1.0,87.986421,6.0,-0.549462,34.208994,123.152377,34.208989,0.017935,5.4e-05,-0.422081,-0.101451,2.2e-05,0.016014,0.0,0.0,0.0,0.0,0.0,0.0,-9999.0,-9999.0,-9999.0,-9999.0,-9999.0,-9999.0,-9999.0,-9999.0,-9999.0,-9999.0,-9999.0,-9999.0,-9999.0,-9999.0
P21_HV1_1_interaction,active_and_state_lat_and_long_zero_last_source_row_continuous_segment,P21,HV1,1,on_ramp,P21_HV1_1,P21_HV1.1.asc,HV1,60,initiator_active,3740,1,62333.33,62333.3343,1.0,1.0,25.23792,90.856512,7.0,12.704858,-1513.541011,0.215901,-0.004915,0.0,25.243428,0.000638,0.0,1513.565986,-34.609258,6.277952,1.0,0.0,0.0,0.0,1588.975244,-39.109646,1021.0,1.0,88.556558,6.0,-0.551439,34.201959,123.127053,34.201954,0.017929,5.5e-05,-0.421991,-0.101444,2.9e-05,0.016014,0.0,0.0,0.0,0.0,0.0,0.0,-9999.0,-9999.0,-9999.0,-9999.0,-9999.0,-9999.0,-9999.0,-9999.0,-9999.0,-9999.0,-9999.0,-9999.0,-9999.0,-9999.0
P21_HV1_1_interaction,active_and_state_lat_and_long_zero_last_source_row_continuous_segment,P21,HV1,1,on_ramp,P21_HV1_1,P21_HV1.1.asc,HV1,60,initiator_active,3741,1,62350.0,62350.0007,1.0,1.0,25.241566,90.869637,7.0,13.125536,-1513.961623,0.215509,-0.00531,0.0,25.247008,0.000592,0.0,1513.986719,-34.611449,6.277952,1.0,0.0,0.0,0.0,1589.545247,-39.114529,1021.0,1.0,89.126579,6.0,-0.553443,34.194926,123.101734,34.194921,0.017922,5.5e-05,-0.421902,-0.101437,3e-05,0.016014,0.0,0.0,0.0,0.0,0.0,0.0,-9999.0,-9999.0,-9999.0,-9999.0,-9999.0,-9999.0,-9999.0,-9999.0,-9999.0,-9999.0,-9999.0,-9999.0,-9999.0,-9999.0
P21_HV1_1_interaction,active_and_state_lat_and_long_zero_last_source_row_continuous_segment,P21,HV1,1,on_ramp,P21_HV1_1,P21_HV1.1.asc,HV1,60,initiator_active,3742,1,62366.67,62366.6668,1.0,1.0,25.245227,90.882818,7.0,13.546274,-1514.382296,0.220124,-0.004987,0.0,25.250605,0.000521,0.0,1514.407511,-34.613642,6.277952,1.0,0.0,0.0,0.0,1590.115132,-39.11944,1021.0,1.0,89.696482,6.0,-0.555476,34.187895,123.07642,34.18789,0.017915,5.6e-05,-0.421813,-0.101428,2.6e-05,0.016014,0.0,0.0,0.0,0.0,0.0,0.0,-9999.0,-9999.0,-9999.0,-9999.0,-9999.0,-9999.0,-9999.0,-9999.0,-9999.0,-9999.0,-9999.0,-9999.0,-9999.0,-9999.0
P21_HV1_1_interaction,active_and_state_lat_and_long_zero_last_source_row_continuous_segment,P21,HV1,1,on_ramp,P21_HV1_1,P21_HV1.1.asc,HV1,60,initiator_active,3743,1,62383.33,62383.3344,1.0,1.0,25.248804,90.895696,7.0,13.967072,-1514.803028,0.213687,-0.006576,0.0,25.254232,0.000454,0.0,1514.828364,-34.615835,6.277952,1.0,0.0,0.0,0.0,1590.6849,-39.124377,1021.0,1.0,90.266267,6.0,-0.557536,34.180865,123.051112,34.18086,0.017908,5.6e-05,-0.421724,-0.101419,1.9e-05,0.016014,0.0,0.002198,0.0,0.0,0.0,0.0,-9999.0,-9999.0,-9999.0,-9999.0,-9999.0,-9999.0,-9999.0,-9999.0,-9999.0,-9999.0,-9999.0,-9999.0,-9999.0,-9999.0
P21_HV1_1_interaction,active_and_state_lat_and_long_zero_last_source_row_continuous_segment,P21,HV1,1,on_ramp,P21_HV1_1,P21_HV1.1.asc,HV1,60,initiator_active,3744,1,62400.0,62400.001,1.0,1.0,25.252439,90.908781,7.0,14.387931,-1515.223821,0.181039,-0.006401,0.0,25.257413,0.000383,0.0,1515.249277,-34.618031,6.277952,1.0,0.0,0.0,0.0,1591.25455,-39.129342,1021.0,1.0,90.835935,6.0,-0.559623,34.173568,123.024844,34.173563,0.017901,5.6e-05,-0.442386,-0.101399,-1.5e-05,0.016014,0.0,0.0,0.0,0.0,0.0,0.0,-9999.0,-9999.0,-9999.0,-9999.0,-9999.0,-9999.0,-9999.0,-9999.0,-9999.0,-9999.0,-9999.0,-9999.0,-9999.0,-9999.0
P21_HV1_1_interaction,active_and_state_lat_and_long_zero_last_source_row_continuous_segment,P21,HV1,1,on_ramp,P21_HV1_1,P21_HV1.1.asc,HV1,60,initiator_active,3745,1,62416.67,62416.6675,1.0,1.0,25.256013,90.921646,7.0,14.808849,-1515.644674,0.214367,-0.006474,0.0,25.260681,0.000322,0.0,1515.67024,-34.620228,6.277952,1.0,0.0,0.0,0.0,1591.824079,-39.134333,1021.0,1.0,91.405482,6.0,-0.561739,34.166452,122.999226,34.166447,0.017893,5.5e-05,-0.422476,-0.101397,-5.2e-05,0.016014,0.0,0.0,0.0,0.0,0.0,0.0,-9999.0,-9999.0,-9999.0,-9999.0,-9999.0,-9999.0,-9999.0,-9999.0,-9999.0,-9999.0,-9999.0,-9999.0,-9999.0,-9999.0
P21_HV1_1_interaction,active_and_state_lat_and_long_zero_last_source_row_continuous_segment,P21,HV1,1,on_ramp,P21_HV1_1,P21_HV1.1.asc,HV1,60,initiator_active,3746,1,62433.33,62433.3337,1.0,1.0,25.258922,90.93212,7.0,15.229818,-1516.065578,0.218301,-0.005057,0.0,25.26427,0.000268,0.0,1516.091261,-34.622426,6.27795,1.0,0.0,0.0,0.0,1592.393489,-39.139352,1021.0,1.0,91.97491,6.0,-0.563882,34.15942,122.973911,34.159415,0.017885,5.4e-05,-0.42167,-0.101385,-7.4e-05,0.016014,0.0,0.0,0.0,0.0,0.0,0.0,-9999.0,-9999.0,-9999.0,-9999.0,-9999.0,-9999.0,-9999.0,-9999.0,-9999.0,-9999.0,-9999.0,-9999.0,-9999.0,-9999.0
P21_HV1_1_interaction,active_and_state_lat_and_long_zero_last_source_row_continuous_segment,P21,HV1,1,on_ramp,P21_HV1_1,P21_HV1.1.asc,HV1,60,initiator_active,3747,1,62450.0,62450.0006,1.0,1.0,25.262467,90.944881,7.0,15.650844,-1516.486539,0.217894,-0.008558,0.0,25.267908,0.000213,0.0,1516.512341,-34.624627,6.277948,1.0,0.0,0.0,0.0,1592.962782,-39.144397,1021.0,1.0,92.544221,6.0,-0.566053,34.152394,122.948617,34.152389,0.017877,5.3e-05,-0.421433,-0.101373,-6.2e-05,0.016014,0.0,0.0,0.0,0.0,0.0,0.0,-9999.0,-9999.0,-9999.0,-9999.0,-9999.0,-9999.0,-9999.0,-9999.0,-9999.0,-9999.0,-9999.0,-9999.0,-9999.0,-9999.0
P21_HV1_1_interaction,active_and_state_lat_and_long_zero_last_source_row_continuous_segment,P21,HV1,1,on_ramp,P21_HV1_1,P21_HV1.1.asc,HV1,60,initiator_active,3748,1,62466.67,62466.6745,1.0,1.0,25.266089,90.95792,7.0,16.07193,-1516.90756,0.220222,-0.009529,0.0,25.271569,0.000139,0.0,1516.933482,-34.62683,6.277945,1.0,0.0,0.0,0.0,1593.531957,-39.14947,1021.0,1.0,93.113414,6.0,-0.568251,34.14527,122.922971,34.145265,0.017869,5.2e-05,-0.438578,-0.101353,-3.3e-05,0.016014,0.0,0.0,0.0,0.0,0.0,0.0,-9999.0,-9999.0,-9999.0,-9999.0,-9999.0,-9999.0,-9999.0,-9999.0,-9999.0,-9999.0,-9999.0,-9999.0,-9999.0,-9999.0
P21_HV1_1_interaction,active_and_state_lat_and_long_zero_last_source_row_continuous_segment,P21,HV1,1,on_ramp,P21_HV1_1,P21_HV1.1.asc,HV1,60,initiator_active,3749,1,62483.34,62483.3355,1.0,1.0,25.269724,90.971005,7.0,16.493077,-1517.328641,0.208953,-0.010329,0.0,25.275218,7.4e-05,0.0,1517.354684,-34.629037,6.277942,1.0,0.0,0.0,0.0,1594.101013,-39.15457,1021.0,1.0,93.682489,6.0,-0.570477,34.138172,122.897419,34.138167,0.017861,5.2e-05,-0.421862,-0.101348,-3e-05,0.016014,0.0,0.0,0.0,0.0,0.0,0.0,-9999.0,-9999.0,-9999.0,-9999.0,-9999.0,-9999.0,-9999.0,-9999.0,-9999.0,-9999.0,-9999.0,-9999.0,-9999.0,-9999.0
P21_HV1_1_interaction,active_and_state_lat_and_long_zero_last_source_row_continuous_segment,P21,HV1,1,on_ramp,P21_HV1_1,P21_HV1.1.asc,HV1,60,initiator_active,3750,1,62500.0,62500.0009,1.0,1.0,25.273405,90.984257,7.0,16.914285,-1517.749784,0.215826,-0.014584,0.0,25.278716,2.3e-05,0.0,1517.775946,-34.631246,6.277937,1.0,0.0,0.0,0.0,1594.669951,-39.159697,1021.0,1.0,94.251446,6.0,-0.57273,34.131148,122.872133,34.131143,0.017852,5.1e-05,-0.421237,-0.101335,-2.1e-05,0.016014,0.0,0.0,0.0,0.0,0.0,0.0,-9999.0,-9999.0,-9999.0,-9999.0,-9999.0,-9999.0,-9999.0,-9999.0,-9999.0,-9999.0,-9999.0,-9999.0,-9999.0,-9999.0
P21_HV1_1_interaction,active_and_state_lat_and_long_zero_last_source_row_continuous_segment,P21,HV1,1,on_ramp,P21_HV1_1,P21_HV1.1.asc,HV1,60,initiator_active,3751,1,62516.67,62516.6675,1.0,1.0,25.276959,90.997052,7.0,17.335553,-1518.170987,0.213249,-0.017395,0.0,25.282323,-5.8e-05,0.0,1518.197267,-34.633459,6.27793,1.0,0.0,0.0,0.0,1595.238771,-39.16485,1021.0,1.0,94.820285,6.0,-0.575012,34.124129,122.846864,34.124124,0.017844,5.1e-05,-0.421052,-0.101322,-1e-06,0.016014,0.0,0.0,0.0,0.0,0.0,0.0,-9999.0,-9999.0,-9999.0,-9999.0,-9999.0,-9999.0,-9999.0,-9999.0,-9999.0,-9999.0,-9999.0,-9999.0,-9999.0,-9999.0
P21_HV1_1_interaction,active_and_state_lat_and_long_zero_last_source_row_continuous_segment,P21,HV1,1,on_ramp,P21_HV1_1,P21_HV1.1.asc,HV1,60,initiator_active,3752,1,62533.33,62533.3341,1.0,1.0,25.280515,91.009853,7.0,17.756879,-1518.592249,0.226331,-0.019543,0.0,25.285951,-0.000137,0.0,1518.618648,-34.635678,6.277922,1.0,0.0,0.0,0.0,1595.807474,-39.170031,1021.0,1.0,95.389007,6.0,-0.57732,34.117011,122.821239,34.117006,0.017836,5.1e-05,-0.438219,-0.101301,2.1e-05,0.016014,0.0,0.002198,0.0,0.0,0.0,0.0,-9999.0,-9999.0,-9999.0,-9999.0,-9999.0,-9999.0,-9999.0,-9999.0,-9999.0,-9999.0,-9999.0,-9999.0,-9999.0,-9999.0
P21_HV1_1_interaction,active_and_state_lat_and_long_zero_last_source_row_continuous_segment,P21,HV1,1,on_ramp,P21_HV1_1,P21_HV1.1.asc,HV1,60,initiator_active,3753,1,62550.0,62550.0006,1.0,1.0,25.284101,91.022762,7.0,18.178266,-1519.01357,0.217085,-0.021578,0.0,25.289677,-0.000198,0.0,1519.04009,-34.637902,6.277912,1.0,0.0,0.0,0.0,1596.376058,-39.175239,1021.0,1.0,95.957609,6.0,-0.579657,34.109651,122.794743,34.109646,0.017828,5.1e-05,-0.442258,-0.101287,-1.5e-05,0.016014,0.0,0.0,0.0,0.0,0.0,0.0,-9999.0,-9999.0,-9999.0,-9999.0,-9999.0,-9999.0,-9999.0,-9999.0,-9999.0,-9999.0,-9999.0,-9999.0,-9999.0,-9999.0
P21_HV1_1_interaction,active_and_state_lat_and_long_zero_last_source_row_continuous_segment,P21,HV1,1,on_ramp,P21_HV1_1,P21_HV1.1.asc,HV1,60,initiator_active,3754,1,62566.67,62566.6672,1.0,1.0,25.287837,91.036214,7.0,18.599714,-1519.434954,0.216072,-0.024398,0.0,25.293288,-0.000264,0.0,1519.461593,-34.640132,6.2779,1.0,0.0,0.0,0.0,1596.94452,-39.180474,1021.0,1.0,96.52609,6.0,-0.582021,34.102544,122.769159,34.102539,0.01782,5.1e-05,-0.421806,-0.101283,-4.9e-05,0.016014,0.0,0.0,0.0,0.0,0.0,0.0,-9999.0,-9999.0,-9999.0,-9999.0,-9999.0,-9999.0,-9999.0,-9999.0,-9999.0,-9999.0,-9999.0,-9999.0,-9999.0,-9999.0
P21_HV1_1_interaction,active_and_state_lat_and_long_zero_last_source_row_continuous_segment,P21,HV1,1,on_ramp,P21_HV1_1,P21_HV1.1.asc,HV1,60,initiator_active,3755,1,62583.35,62583.3512,1.0,1.0,25.291486,91.049351,7.0,19.021224,-1519.856399,0.208251,-0.024311,0.0,25.29689,-0.000294,0.0,1519.883157,-34.642369,6.277885,1.0,0.0,0.0,0.0,1597.512862,-39.185735,1021.0,1.0,97.094453,6.0,-0.584412,34.095524,122.743887,34.09552,0.017812,5e-05,-0.420908,-0.10127,-5.8e-05,0.016014,0.0,0.002198,0.0,0.0,0.0,0.0,-9999.0,-9999.0,-9999.0,-9999.0,-9999.0,-9999.0,-9999.0,-9999.0,-9999.0,-9999.0,-9999.0,-9999.0,-9999.0,-9999.0
P21_HV1_1_interaction,active_and_state_lat_and_long_zero_last_source_row_continuous_segment,P21,HV1,1,on_ramp,P21_HV1_1,P21_HV1.1.asc,HV1,60,initiator_active,3756,1,62600.0,62600.0004,1.0,1.0,25.295089,91.062319,7.0,19.442793,-1520.277904,0.215289,-0.027336,0.0,25.300378,-0.000261,0.0,1520.30478,-34.644614,6.277867,1.0,0.0,0.0,0.0,1598.081087,-39.191024,1021.0,1.0,97.662697,6.0,-0.586831,34.088243,122.717674,34.088238,0.017804,4.9e-05,-0.4414,-0.101249,-5.6e-05,0.016014,0.0,0.0,0.0,0.0,0.0,0.0,-9999.0,-9999.0,-9999.0,-9999.0,-9999.0,-9999.0,-9999.0,-9999.0,-9999.0,-9999.0,-9999.0,-9999.0,-9999.0,-9999.0
P21_HV1_1_interaction,active_and_state_lat_and_long_zero_last_source_row_continuous_segment,P21,HV1,1,on_ramp,P21_HV1_1,P21_HV1.1.asc,HV1,60,initiator_active,3757,1,62616.67,62616.6674,1.0,1.0,25.298625,91.07505,7.0,19.864422,-1520.699469,0.216603,-0.02756,0.0,25.303976,-0.000198,0.0,1520.726462,-34.646868,6.277846,1.0,0.0,0.0,0.0,1598.649191,-39.19634,1021.0,1.0,98.230821,6.0,-0.589278,34.081144,122.692119,34.081139,0.017796,4.8e-05,-0.421422,-0.101245,-4.5e-05,0.016014,0.0,0.0,0.0,0.0,0.0,0.0,-9999.0,-9999.0,-9999.0,-9999.0,-9999.0,-9999.0,-9999.0,-9999.0,-9999.0,-9999.0,-9999.0,-9999.0,-9999.0,-9999.0
P21_HV1_1_interaction,active_and_state_lat_and_long_zero_last_source_row_continuous_segment,P21,HV1,1,on_ramp,P21_HV1_1,P21_HV1.1.asc,HV1,60,initiator_active,3758,1,62633.33,62633.3344,1.0,1.0,25.302172,91.087818,7.0,20.28611,-1521.121092,0.209453,-0.027372,0.0,25.307552,-8e-05,0.0,1521.148203,-34.649129,6.277823,1.0,0.0,0.0,0.0,1599.248728,-39.20198,1021.0,1.0,98.830378,6.0,-0.59189,34.073622,122.665039,34.073617,0.017788,4.7e-05,-0.438684,-0.101225,-2.9e-05,0.016014,0.0,0.0,0.0,0.0,0.0,0.0,-9999.0,-9999.0,-9999.0,-9999.0,-9999.0,-9999.0,-9999.0,-9999.0,-9999.0,-9999.0,-9999.0,-9999.0,-9999.0,-9999.0
P21_HV1_1_interaction,active_and_state_lat_and_long_zero_last_source_row_continuous_segment,P21,HV1,1,on_ramp,P21_HV1_1,P21_HV1.1.asc,HV1,60,initiator_active,3759,1,62650.0,62650.001,1.0,1.0,25.305781,91.100811,7.0,20.707857,-1521.542776,0.215851,-0.027449,0.0,25.311071,0.000104,0.0,1521.570004,-34.651399,6.277798,1.0,0.0,0.0,0.0,1599.785043,-39.207052,1021.0,1.0,99.366712,6.0,-0.594254,34.066925,122.64093,34.06692,0.01778,4.7e-05,-0.421173,-0.101222,-1.2e-05,0.016014,0.0,0.0,0.0,0.0,0.0,0.0,-9999.0,-9999.0,-9999.0,-9999.0,-9999.0,-9999.0,-9999.0,-9999.0,-9999.0,-9999.0,-9999.0,-9999.0,-9999.0,-9999.0
P21_HV1_1_interaction,active_and_state_lat_and_long_zero_last_source_row_continuous_segment,P21,HV1,1,on_ramp,P21_HV1_1,P21_HV1.1.asc,HV1,60,initiator_active,3760,1,62666.67,62666.6668,1.0,1.0,25.309297,91.11347,7.0,21.129664,-1521.964519,0.216439,-0.026973,0.0,25.314674,0.000326,0.0,1521.991864,-34.653678,6.277771,1.0,0.0,0.0,0.0,1600.352791,-39.212448,1021.0,1.0,99.93448,6.0,-0.596783,34.059915,122.615693,34.05991,0.017773,4.7e-05,-0.420381,-0.101211,1.5e-05,0.016014,0.0,0.0,0.0,0.0,0.0,0.0,-9999.0,-9999.0,-9999.0,-9999.0,-9999.0,-9999.0,-9999.0,-9999.0,-9999.0,-9999.0,-9999.0,-9999.0,-9999.0,-9999.0
P21_HV1_1_interaction,active_and_state_lat_and_long_zero_last_source_row_continuous_segment,P21,HV1,1,on_ramp,P21_HV1_1,P21_HV1.1.asc,HV1,60,initiator_active,3761,1,62683.33,62683.335,1.0,1.0,25.31287,91.126331,7.0,21.55153,-1522.386321,0.21615,-0.025322,0.0,25.31828,0.000612,0.0,1522.413784,-34.655965,6.277743,1.0,0.0,0.0,0.0,1600.920421,-39.217871,1021.0,1.0,100.50213,6.0,-0.59934,34.05291,122.590476,34.052905,0.017765,4.7e-05,-0.420168,-0.1012,5.1e-05,0.016014,0.0,0.0,0.0,0.0,0.0,0.0,-9999.0,-9999.0,-9999.0,-9999.0,-9999.0,-9999.0,-9999.0,-9999.0,-9999.0,-9999.0,-9999.0,-9999.0,-9999.0,-9999.0
P21_HV1_1_interaction,active_and_state_lat_and_long_zero_last_source_row_continuous_segment,P21,HV1,1,on_ramp,P21_HV1_1,P21_HV1.1.asc,HV1,60,initiator_active,3762,1,62700.0,62700.0009,1.0,1.0,25.316477,91.139318,7.0,21.973456,-1522.808184,0.21595,-0.023925,0.0,25.321881,0.000948,0.0,1522.835764,-34.658259,6.277714,1.0,0.0,0.0,0.0,1601.487935,-39.223321,1021.0,1.0,101.069664,6.0,-0.601924,34.045908,122.565269,34.045903,0.017758,4.9e-05,-0.42004,-0.10119,8.3e-05,0.016014,0.0,0.0,0.0,0.0,0.0,0.0,-9999.0,-9999.0,-9999.0,-9999.0,-9999.0,-9999.0,-9999.0,-9999.0,-9999.0,-9999.0,-9999.0,-9999.0,-9999.0,-9999.0
P21_HV1_1_interaction,active_and_state_lat_and_long_zero_last_source_row_continuous_segment,P21,HV1,1,on_ramp,P21_HV1_1,P21_HV1.1.asc,HV1,60,initiator_active,3763,1,62716.67,62716.6674,1.0,1.0,25.320081,91.152291,7.0,22.395442,-1523.230107,0.22766,-0.021294,0.0,25.32548,0.001284,0.0,1523.257803,-34.66056,6.277685,1.0,0.0,0.0,0.0,1602.055331,-39.228799,1021.0,1.0,101.637081,6.0,-0.604536,34.038908,122.540067,34.038903,0.017751,5e-05,-0.419939,-0.101179,0.000103,0.016014,0.0,0.0,0.0,0.0,0.0,0.0,-9999.0,-9999.0,-9999.0,-9999.0,-9999.0,-9999.0,-9999.0,-9999.0,-9999.0,-9999.0,-9999.0,-9999.0,-9999.0,-9999.0
P21_HV1_1_interaction,active_and_state_lat_and_long_zero_last_source_row_continuous_segment,P21,HV1,1,on_ramp,P21_HV1_1,P21_HV1.1.asc,HV1,60,initiator_active,3764,1,62733.33,62733.3334,1.0,1.0,25.323681,91.165251,7.0,22.817488,-1523.65209,0.219946,-0.019213,0.0,25.329281,0.001668,0.0,1523.679904,-34.662868,6.277657,1.0,0.0,0.0,0.0,1602.654123,-39.234609,1021.0,1.0,102.235894,6.0,-0.607322,34.03152,122.513472,34.031515,0.017744,5.2e-05,-0.419842,-0.101169,0.000109,0.016014,0.0,0.0,0.0,0.0,0.0,0.0,-9999.0,-9999.0,-9999.0,-9999.0,-9999.0,-9999.0,-9999.0,-9999.0,-9999.0,-9999.0,-9999.0,-9999.0,-9999.0,-9999.0
P21_HV1_1_interaction,active_and_state_lat_and_long_zero_last_source_row_continuous_segment,P21,HV1,1,on_ramp,P21_HV1_1,P21_HV1.1.asc,HV1,60,initiator_active,3765,1,62750.0,62750.001,1.0,1.0,25.327377,91.178557,7.0,23.239595,-1524.074133,0.214661,-0.015508,0.0,25.33291,0.002027,0.0,1524.102067,-34.665181,6.27763,1.0,0.0,0.0,0.0,1603.189774,-39.239834,1021.0,1.0,102.771565,6.0,-0.609842,34.024912,122.489682,34.024907,0.017737,5.4e-05,-0.419757,-0.10116,0.000103,0.016014,0.0,0.0,0.0,0.0,0.0,0.0,-9999.0,-9999.0,-9999.0,-9999.0,-9999.0,-9999.0,-9999.0,-9999.0,-9999.0,-9999.0,-9999.0,-9999.0,-9999.0,-9999.0
P21_HV1_1_interaction,active_and_state_lat_and_long_zero_last_source_row_continuous_segment,P21,HV1,1,on_ramp,P21_HV1_1,P21_HV1.1.asc,HV1,60,initiator_active,3766,1,62766.67,62766.6667,1.0,1.0,25.331114,91.19201,7.0,23.661765,-1524.49624,0.215818,-0.013298,0.0,25.336455,0.0024,0.0,1524.524291,-34.667499,6.277606,1.0,0.0,0.0,0.0,1603.756819,-39.245391,1021.0,1.0,103.338631,6.0,-0.612536,34.017916,122.464497,34.017911,0.01773,5.5e-05,-0.419668,-0.10115,9e-05,0.016014,0.0,0.002198,0.0,0.0,0.0,0.0,-9999.0,-9999.0,-9999.0,-9999.0,-9999.0,-9999.0,-9999.0,-9999.0,-9999.0,-9999.0,-9999.0,-9999.0,-9999.0,-9999.0
P21_HV1_1_interaction,active_and_state_lat_and_long_zero_last_source_row_continuous_segment,P21,HV1,1,on_ramp,P21_HV1_1,P21_HV1.1.asc,HV1,60,initiator_active,3767,1,62783.33,62783.3341,1.0,1.0,25.334699,91.204917,7.0,24.083995,-1524.918407,0.219548,-0.009846,0.0,25.340065,0.002747,0.0,1524.946573,-34.66982,6.277585,1.0,0.0,0.0,0.0,1604.323748,-39.250976,1021.0,1.0,103.90558,6.0,-0.615257,34.010653,122.43835,34.010648,0.017724,5.7e-05,-0.440344,-0.101132,4.4e-05,0.016014,0.0,0.0,0.0,0.0,0.0,0.0,-9999.0,-9999.0,-9999.0,-9999.0,-9999.0,-9999.0,-9999.0,-9999.0,-9999.0,-9999.0,-9999.0,-9999.0,-9999.0,-9999.0
P21_HV1_1_interaction,active_and_state_lat_and_long_zero_last_source_row_continuous_segment,P21,HV1,1,on_ramp,P21_HV1_1,P21_HV1.1.asc,HV1,60,initiator_active,3768,1,62800.0,62800.0001,1.0,1.0,25.338253,91.217712,7.0,24.506284,-1525.340633,0.218343,-0.006011,0.0,25.343744,0.003041,0.0,1525.368916,-34.672144,6.277568,1.0,0.0,0.0,0.0,1604.890556,-39.256588,1021.0,1.0,104.47241,6.0,-0.618006,34.003571,122.412857,34.003567,0.017717,5.7e-05,-0.420411,-0.101132,-4e-06,0.016014,0.0,0.0,0.0,0.0,0.0,0.0,-9999.0,-9999.0,-9999.0,-9999.0,-9999.0,-9999.0,-9999.0,-9999.0,-9999.0,-9999.0,-9999.0,-9999.0,-9999.0,-9999.0
P21_HV1_1_interaction,active_and_state_lat_and_long_zero_last_source_row_continuous_segment,P21,HV1,1,on_ramp,P21_HV1_1,P21_HV1.1.asc,HV1,60,initiator_active,3769,1,62816.67,62816.6672,1.0,1.0,25.341895,91.230821,7.0,24.928633,-1525.76292,0.218458,-0.002727,0.0,25.347357,0.003305,0.0,1525.791321,-34.674469,6.277554,1.0,0.0,0.0,0.0,1605.457245,-39.262226,1021.0,1.0,105.03912,6.0,-0.620783,33.996574,122.387665,33.996569,0.01771,5.6e-05,-0.419614,-0.101123,-3.9e-05,0.016014,0.0,0.0,0.0,0.0,0.0,0.0,-9999.0,-9999.0,-9999.0,-9999.0,-9999.0,-9999.0,-9999.0,-9999.0,-9999.0,-9999.0,-9999.0,-9999.0,-9999.0,-9999.0
P21_HV1_1_interaction,active_and_state_lat_and_long_zero_last_source_row_continuous_segment,P21,HV1,1,on_ramp,P21_HV1_1,P21_HV1.1.asc,HV1,60,initiator_active,3770,1,62833.33,62833.3335,1.0,1.0,25.345564,91.24403,7.0,25.351044,-1526.185268,0.207068,0.002749,0.0,25.350989,0.003504,0.0,1526.213785,-34.676795,6.277546,1.0,0.0,0.0,0.0,1606.023818,-39.267891,1021.0,1.0,105.605714,6.0,-0.623587,33.989582,122.362495,33.989577,0.017704,5.6e-05,-0.41938,-0.101115,-3.8e-05,0.016014,0.0,0.0,0.0,0.0,0.0,0.0,-9999.0,-9999.0,-9999.0,-9999.0,-9999.0,-9999.0,-9999.0,-9999.0,-9999.0,-9999.0,-9999.0,-9999.0,-9999.0,-9999.0
P21_HV1_1_interaction,active_and_state_lat_and_long_zero_last_source_row_continuous_segment,P21,HV1,1,on_ramp,P21_HV1_1,P21_HV1.1.asc,HV1,60,initiator_active,3771,1,62850.0,62850.0001,1.0,1.0,25.349178,91.25704,7.0,25.773514,-1526.607677,0.207659,0.011341,0.0,25.354387,0.003658,0.0,1526.636309,-34.67912,6.277543,1.0,0.0,0.0,0.0,1606.590273,-39.273583,1021.0,1.0,106.172191,6.0,-0.626418,33.982593,122.337335,33.982588,0.017698,5.5e-05,-0.419245,-0.101107,-2.1e-05,0.016014,0.0,0.0,0.0,0.0,0.0,0.0,-9999.0,-9999.0,-9999.0,-9999.0,-9999.0,-9999.0,-9999.0,-9999.0,-9999.0,-9999.0,-9999.0,-9999.0,-9999.0,-9999.0
P21_HV1_1_interaction,active_and_state_lat_and_long_zero_last_source_row_continuous_segment,P21,HV1,1,on_ramp,P21_HV1_1,P21_HV1.1.asc,HV1,60,initiator_active,3772,1,62866.67,62866.6667,1.0,1.0,25.352715,91.269773,7.0,26.196045,-1527.030145,0.206591,0.016104,0.0,25.357802,0.003768,0.0,1527.05889,-34.681442,6.277545,1.0,0.0,0.0,0.0,1607.156612,-39.279302,1021.0,1.0,106.738552,6.0,-0.629277,33.975606,122.312182,33.975601,0.017692,5.5e-05,-0.419142,-0.1011,-1e-06,0.016014,0.0,0.0,0.0,0.0,0.0,0.0,-9999.0,-9999.0,-9999.0,-9999.0,-9999.0,-9999.0,-9999.0,-9999.0,-9999.0,-9999.0,-9999.0,-9999.0,-9999.0,-9999.0
P21_HV1_1_interaction,active_and_state_lat_and_long_zero_last_source_row_continuous_segment,P21,HV1,1,on_ramp,P21_HV1_1,P21_HV1.1.asc,HV1,60,initiator_active,3773,1,62883.33,62883.3338,1.0,1.0,25.356118,91.282023,7.0,26.618632,-1527.452669,0.207971,0.021562,0.0,25.361308,0.003841,0.0,1527.481528,-34.68376,6.277554,1.0,0.0,0.0,0.0,1607.722834,-39.285048,1021.0,1.0,107.304796,6.0,-0.632163,33.968621,122.287034,33.968616,0.017686,5.5e-05,-0.419049,-0.101094,1.5e-05,0.016014,0.0,0.0,0.0,0.0,0.0,0.0,-9999.0,-9999.0,-9999.0,-9999.0,-9999.0,-9999.0,-9999.0,-9999.0,-9999.0,-9999.0,-9999.0,-9999.0,-9999.0,-9999.0
P21_HV1_1_interaction,active_and_state_lat_and_long_zero_last_source_row_continuous_segment,P21,HV1,1,on_ramp,P21_HV1_1,P21_HV1.1.asc,HV1,60,initiator_active,3774,1,62900.0,62900.0006,1.0,1.0,25.359523,91.294284,7.0,27.041276,-1527.875251,0.208964,0.031551,0.0,25.364726,0.003818,0.0,1527.904224,-34.686071,6.277571,1.0,0.0,0.0,0.0,1608.28894,-39.290821,1021.0,1.0,107.870923,6.0,-0.635077,33.961637,122.261892,33.961632,0.01768,5.5e-05,-0.418959,-0.101087,2.5e-05,0.016014,0.0,0.0,0.0,0.0,0.0,0.0,-9999.0,-9999.0,-9999.0,-9999.0,-9999.0,-9999.0,-9999.0,-9999.0,-9999.0,-9999.0,-9999.0,-9999.0,-9999.0,-9999.0
P21_HV1_1_interaction,active_and_state_lat_and_long_zero_last_source_row_continuous_segment,P21,HV1,1,on_ramp,P21_HV1_1,P21_HV1.1.asc,HV1,60,initiator_active,3775,1,62916.67,62916.6677,1.0,1.0,25.363041,91.306949,7.0,27.463979,-1528.297891,0.216163,0.035234,0.0,25.368259,0.003771,0.0,1528.326978,-34.688374,6.277594,1.0,0.0,0.0,0.0,1608.854928,-39.29662,1021.0,1.0,108.436934,6.0,-0.638018,33.954654,122.236755,33.95465,0.017674,5.6e-05,-0.418871,-0.101081,2.8e-05,0.016014,0.0,0.0,0.0,0.0,0.0,0.0,-9999.0,-9999.0,-9999.0,-9999.0,-9999.0,-9999.0,-9999.0,-9999.0,-9999.0,-9999.0,-9999.0,-9999.0,-9999.0,-9999.0
P21_HV1_1_interaction,active_and_state_lat_and_long_zero_last_source_row_continuous_segment,P21,HV1,1,on_ramp,P21_HV1_1,P21_HV1.1.asc,HV1,60,initiator_active,3776,1,62933.33,62933.334,1.0,1.0,25.366468,91.319283,7.0,27.886739,-1528.720587,0.215883,0.046556,0.0,25.371861,0.00363,0.0,1528.749791,-34.690666,6.277625,1.0,0.0,0.0,0.0,1609.420801,-39.302446,1021.0,1.0,109.002828,6.0,-0.640987,33.947673,122.211623,33.947669,0.017669,5.6e-05,-0.418783,-0.101075,2.6e-05,0.016014,0.0,0.0,0.0,0.0,0.0,0.0,-9999.0,-9999.0,-9999.0,-9999.0,-9999.0,-9999.0,-9999.0,-9999.0,-9999.0,-9999.0,-9999.0,-9999.0,-9999.0,-9999.0
P21_HV1_1_interaction,active_and_state_lat_and_long_zero_last_source_row_continuous_segment,P21,HV1,1,on_ramp,P21_HV1_1,P21_HV1.1.asc,HV1,60,initiator_active,3777,1,62950.0,62950.0,1.0,1.0,25.37006,91.332217,7.0,28.309558,-1529.143344,0.215495,0.056446,0.0,25.375458,0.003425,0.0,1529.172664,-34.692946,6.277664,1.0,0.0,0.0,0.0,1609.986556,-39.308299,1021.0,1.0,109.568606,6.0,-0.643983,33.940694,122.186497,33.940689,0.017663,5.7e-05,-0.418695,-0.10107,2e-05,0.016014,0.0,0.0,0.0,0.0,0.0,0.0,-9999.0,-9999.0,-9999.0,-9999.0,-9999.0,-9999.0,-9999.0,-9999.0,-9999.0,-9999.0,-9999.0,-9999.0,-9999.0,-9999.0
P21_HV1_1_interaction,active_and_state_lat_and_long_zero_last_source_row_continuous_segment,P21,HV1,1,on_ramp,P21_HV1_1,P21_HV1.1.asc,HV1,60,initiator_active,3778,1,62966.67,62966.6668,1.0,1.0,25.373661,91.345178,7.0,28.732437,-1529.566159,0.182691,0.063075,0.0,25.379081,0.003201,0.0,1529.595597,-34.69521,6.277711,1.0,0.0,0.0,0.0,1610.552195,-39.314179,1021.0,1.0,110.134267,6.0,-0.647006,33.933716,122.161376,33.933711,0.017658,5.7e-05,-0.418607,-0.101064,1.3e-05,0.016014,0.0,0.0,0.0,0.0,0.0,0.0,-9999.0,-9999.0,-9999.0,-9999.0,-9999.0,-9999.0,-9999.0,-9999.0,-9999.0,-9999.0,-9999.0,-9999.0,-9999.0,-9999.0
P21_HV1_1_interaction,active_and_state_lat_and_long_zero_last_source_row_continuous_segment,P21,HV1,1,on_ramp,P21_HV1_1,P21_HV1.1.asc,HV1,60,initiator_active,3779,1,62983.33,62983.3342,1.0,1.0,25.377254,91.358113,7.0,29.155376,-1529.989035,0.184768,0.073369,0.0,25.381885,0.002903,0.0,1530.018588,-34.697456,6.277767,1.0,0.0,0.0,0.0,1611.117717,-39.320086,1021.0,1.0,110.699812,6.0,-0.650057,33.926739,122.13626,33.926734,0.017652,5.7e-05,-0.41852,-0.101059,5e-06,0.016014,0.0,0.0,0.0,0.0,0.0,0.0,-9999.0,-9999.0,-9999.0,-9999.0,-9999.0,-9999.0,-9999.0,-9999.0,-9999.0,-9999.0,-9999.0,-9999.0,-9999.0,-9999.0
P21_HV1_1_interaction,active_and_state_lat_and_long_zero_last_source_row_continuous_segment,P21,HV1,1,on_ramp,P21_HV1_1,P21_HV1.1.asc,HV1,60,initiator_active,3780,1,63000.0,63000.0012,1.0,1.0,25.380604,91.370174,7.0,29.578373,-1530.411968,0.218816,0.088654,0.0,25.385197,0.002547,0.0,1530.441626,-34.699681,6.277832,1.0,0.0,0.0,0.0,1611.683123,-39.326019,1021.0,1.0,111.265241,6.0,-0.653135,33.919764,122.11115,33.919759,0.017647,5.7e-05,-0.418432,-0.101054,-2e-06,0.016014,0.0,0.0,0.0,0.0,0.0,0.0,-9999.0,-9999.0,-9999.0,-9999.0,-9999.0,-9999.0,-9999.0,-9999.0,-9999.0,-9999.0,-9999.0,-9999.0,-9999.0,-9999.0
P21_HV1_1_interaction,active_and_state_lat_and_long_zero_last_source_row_continuous_segment,P21,HV1,1,on_ramp,P21_HV1_1,P21_HV1.1.asc,HV1,60,initiator_active,3781,1,63016.67,63016.6675,1.0,1.0,25.383425,91.38033,7.0,30.001417,-1530.834948,0.218388,0.097193,0.0,25.388847,0.00218,0.0,1530.864722,-34.701882,6.277906,1.0,0.0,0.0,0.0,1612.248412,-39.331979,1021.0,1.0,111.830553,6.0,-0.65624,33.91279,122.086045,33.912786,0.017642,5.7e-05,-0.418344,-0.101049,-9e-06,0.016014,0.0,0.0,0.0,0.0,0.0,0.0,-9999.0,-9999.0,-9999.0,-9999.0,-9999.0,-9999.0,-9999.0,-9999.0,-9999.0,-9999.0,-9999.0,-9999.0,-9999.0,-9999.0
P21_HV1_1_interaction,active_and_state_lat_and_long_zero_last_source_row_continuous_segment,P21,HV1,1,on_ramp,P21_HV1_1,P21_HV1.1.asc,HV1,60,initiator_active,3782,1,63033.33,63033.3342,1.0,1.0,25.38702,91.393273,7.0,30.424518,-1531.257985,0.213015,0.112672,0.0,25.39248,0.001738,0.0,1531.287879,-34.704055,6.27799,1.0,0.0,0.0,0.0,1612.84498,-39.338299,1021.0,1.0,112.427145,6.0,-0.659547,33.905431,122.05955,33.905426,0.017637,5.7e-05,-0.418252,-0.101045,-1.4e-05,0.016014,0.0,0.0,0.0,0.0,0.0,0.0,-9999.0,-9999.0,-9999.0,-9999.0,-9999.0,-9999.0,-9999.0,-9999.0,-9999.0,-9999.0,-9999.0,-9999.0,-9999.0,-9999.0
P21_HV1_1_interaction,active_and_state_lat_and_long_zero_last_source_row_continuous_segment,P21,HV1,1,on_ramp,P21_HV1_1,P21_HV1.1.asc,HV1,60,initiator_active,3783,1,63050.0,63050.0002,1.0,1.0,25.390667,91.406401,7.0,30.847681,-1531.681083,0.216853,0.124236,0.0,25.396003,0.001255,0.0,1531.711096,-34.706197,6.278085,1.0,0.0,0.0,0.0,1613.378641,-39.34398,1021.0,1.0,112.960828,6.0,-0.662533,33.898847,122.03585,33.898843,0.017632,5.7e-05,-0.418169,-0.101041,-1.7e-05,0.016014,0.0,0.0,0.0,0.0,0.0,0.0,-9999.0,-9999.0,-9999.0,-9999.0,-9999.0,-9999.0,-9999.0,-9999.0,-9999.0,-9999.0,-9999.0,-9999.0,-9999.0,-9999.0
P21_HV1_1_interaction,active_and_state_lat_and_long_zero_last_source_row_continuous_segment,P21,HV1,1,on_ramp,P21_HV1_1,P21_HV1.1.asc,HV1,60,initiator_active,3784,1,63066.67,63066.668,1.0,1.0,25.394255,91.419319,7.0,31.270903,-1532.10424,0.216819,0.135202,0.0,25.399633,0.000726,0.0,1532.134372,-34.708304,6.27819,1.0,0.0,0.0,0.0,1613.94358,-39.35002,1021.0,1.0,113.52579,6.0,-0.66572,33.891878,122.010761,33.891873,0.017627,5.6e-05,-0.418082,-0.101037,-1.9e-05,0.016014,0.0,0.0,0.0,0.0,0.0,0.0,-9999.0,-9999.0,-9999.0,-9999.0,-9999.0,-9999.0,-9999.0,-9999.0,-9999.0,-9999.0,-9999.0,-9999.0,-9999.0,-9999.0
P21_HV1_1_interaction,active_and_state_lat_and_long_zero_last_source_row_continuous_segment,P21,HV1,1,on_ramp,P21_HV1_1,P21_HV1.1.asc,HV1,60,initiator_active,3785,1,63083.33,63083.3334,1.0,1.0,25.39781,91.432115,7.0,31.694185,-1532.527455,0.214832,0.147781,0.0,25.403274,9.3e-05,0.0,1532.557709,-34.710372,6.278306,1.0,0.0,0.0,0.0,1614.508403,-39.356087,1021.0,1.0,114.090637,6.0,-0.668935,33.88491,121.985676,33.884906,0.017622,5.6e-05,-0.417994,-0.101033,-2e-05,0.016014,0.0,0.0,0.0,0.0,0.0,0.0,-9999.0,-9999.0,-9999.0,-9999.0,-9999.0,-9999.0,-9999.0,-9999.0,-9999.0,-9999.0,-9999.0,-9999.0,-9999.0,-9999.0
P21_HV1_1_interaction,active_and_state_lat_and_long_zero_last_source_row_continuous_segment,P21,HV1,1,on_ramp,P21_HV1_1,P21_HV1.1.asc,HV1,60,initiator_active,3786,1,63100.0,63100.0007,1.0,1.0,25.40144,91.445183,7.0,32.117527,-1532.95073,0.215966,0.158513,0.0,25.406808,-0.000631,0.0,1532.981107,-34.7124,6.278433,1.0,0.0,0.0,0.0,1615.07311,-39.362181,1021.0,1.0,114.655368,6.0,-0.672177,33.877944,121.960597,33.877939,0.017617,5.6e-05,-0.417907,-0.10103,-2.1e-05,0.016014,0.0,0.0,0.0,0.0,0.0,0.0,-9999.0,-9999.0,-9999.0,-9999.0,-9999.0,-9999.0,-9999.0,-9999.0,-9999.0,-9999.0,-9999.0,-9999.0,-9999.0,-9999.0
P21_HV1_1_interaction,active_and_state_lat_and_long_zero_last_source_row_continuous_segment,P21,HV1,1,on_ramp,P21_HV1_1,P21_HV1.1.asc,HV1,60,initiator_active,3787,1,63116.67,63116.6677,1.0,1.0,25.405064,91.458231,7.0,32.54093,-1533.374065,0.222884,0.167763,0.0,25.410456,-0.001453,0.0,1533.404564,-34.714383,6.27857,1.0,0.0,0.0,0.0,1615.637701,-39.368302,1021.0,1.0,115.219982,6.0,-0.675446,33.870979,121.935524,33.870974,0.017612,5.5e-05,-0.41782,-0.101026,-2e-05,0.016014,0.0,0.0,0.0,0.0,0.0,0.0,-9999.0,-9999.0,-9999.0,-9999.0,-9999.0,-9999.0,-9999.0,-9999.0,-9999.0,-9999.0,-9999.0,-9999.0,-9999.0,-9999.0
P21_HV1_1_interaction,active_and_state_lat_and_long_zero_last_source_row_continuous_segment,P21,HV1,1,on_ramp,P21_HV1_1,P21_HV1.1.asc,HV1,60,initiator_active,3788,1,63133.33,63133.3335,1.0,1.0,25.408608,91.470987,7.0,32.964391,-1533.797459,0.218332,0.174502,0.0,25.414169,-0.002381,0.0,1533.828082,-34.716319,6.278718,1.0,0.0,0.0,0.0,1616.233531,-39.374792,1021.0,1.0,115.815837,6.0,-0.678927,33.863629,121.909063,33.863624,0.017607,5.5e-05,-0.417727,-0.101023,-2e-05,0.016014,0.0,0.0,0.0,0.0,0.0,0.0,-9999.0,-9999.0,-9999.0,-9999.0,-9999.0,-9999.0,-9999.0,-9999.0,-9999.0,-9999.0,-9999.0,-9999.0,-9999.0,-9999.0
P21_HV1_1_interaction,active_and_state_lat_and_long_zero_last_source_row_continuous_segment,P21,HV1,1,on_ramp,P21_HV1_1,P21_HV1.1.asc,HV1,60,initiator_active,3789,1,63150.0,63150.0023,1.0,1.0,25.412313,91.484328,7.0,33.387914,-1534.220912,0.222125,0.184224,0.0,25.41778,-0.003418,0.0,1534.251662,-34.718206,6.278874,1.0,0.0,0.0,0.0,1616.766532,-39.380623,1021.0,1.0,116.348861,6.0,-0.682067,33.857053,121.885392,33.857049,0.017603,5.5e-05,-0.417645,-0.10102,-1.9e-05,0.016014,0.0,0.0,0.0,0.0,0.0,0.0,-9999.0,-9999.0,-9999.0,-9999.0,-9999.0,-9999.0,-9999.0,-9999.0,-9999.0,-9999.0,-9999.0,-9999.0,-9999.0,-9999.0
P21_HV1_1_interaction,active_and_state_lat_and_long_zero_last_source_row_continuous_segment,P21,HV1,1,on_ramp,P21_HV1_1,P21_HV1.1.asc,HV1,60,initiator_active,3790,1,63166.67,63166.6684,1.0,1.0,25.415988,91.497558,7.0,33.811498,-1534.644427,0.220922,0.19004,0.0,25.421529,-0.004544,0.0,1534.675303,-34.720041,6.27904,1.0,0.0,0.0,0.0,1617.330774,-39.386824,1021.0,1.0,116.913127,6.0,-0.685419,33.850093,121.860334,33.850088,0.017598,5.4e-05,-0.417558,-0.101017,-1.8e-05,0.016014,0.0,0.0,0.0,0.0,0.0,0.0,-9999.0,-9999.0,-9999.0,-9999.0,-9999.0,-9999.0,-9999.0,-9999.0,-9999.0,-9999.0,-9999.0,-9999.0,-9999.0,-9999.0
P21_HV1_1_interaction,active_and_state_lat_and_long_zero_last_source_row_continuous_segment,P21,HV1,1,on_ramp,P21_HV1_1,P21_HV1.1.asc,HV1,60,initiator_active,3791,1,63183.33,63183.3334,1.0,1.0,25.419631,91.51067,7.0,34.235143,-1535.068001,0.217248,0.192219,0.0,25.425159,-0.005762,0.0,1535.099007,-34.721824,6.279212,1.0,0.0,0.0,0.0,1617.894899,-39.393052,1021.0,1.0,117.477276,6.0,-0.688797,33.843032,121.834916,33.843028,0.017594,5.4e-05,-0.434814,-0.101006,-1.6e-05,0.016014,0.0,0.002198,0.0,0.0,0.0,0.0,-9999.0,-9999.0,-9999.0,-9999.0,-9999.0,-9999.0,-9999.0,-9999.0,-9999.0,-9999.0,-9999.0,-9999.0,-9999.0,-9999.0
P21_HV1_1_interaction,active_and_state_lat_and_long_zero_last_source_row_continuous_segment,P21,HV1,1,on_ramp,P21_HV1_1,P21_HV1.1.asc,HV1,60,initiator_active,3792,1,63200.0,63200.0007,1.0,1.0,25.42337,91.524132,7.0,34.65885,-1535.491636,0.220615,0.192989,0.0,25.428802,-0.007115,0.0,1535.522771,-34.723553,6.279391,1.0,0.0,0.0,0.0,1618.458905,-39.399306,1021.0,1.0,118.041307,6.0,-0.692203,33.835729,121.808626,33.835725,0.017589,5.3e-05,-0.438816,-0.101002,-6.6e-05,0.016014,0.0,0.002198,0.0,0.0,0.0,0.0,-9999.0,-9999.0,-9999.0,-9999.0,-9999.0,-9999.0,-9999.0,-9999.0,-9999.0,-9999.0,-9999.0,-9999.0,-9999.0,-9999.0
P21_HV1_1_interaction,active_and_state_lat_and_long_zero_last_source_row_continuous_segment,P21,HV1,1,on_ramp,P21_HV1_1,P21_HV1.1.asc,HV1,60,initiator_active,3793,1,63216.67,63216.6677,1.0,1.0,25.426969,91.537088,7.0,35.082617,-1535.915331,0.215398,0.192416,0.0,25.43251,-0.008534,0.0,1535.946596,-34.725228,6.279573,1.0,0.0,0.0,0.0,1619.02279,-39.405587,1021.0,1.0,118.605217,6.0,-0.695636,33.828412,121.782281,33.828407,0.017585,5.2e-05,-0.439119,-0.100999,-0.000135,0.016014,0.0,0.002198,0.0,0.0,0.0,0.0,-9999.0,-9999.0,-9999.0,-9999.0,-9999.0,-9999.0,-9999.0,-9999.0,-9999.0,-9999.0,-9999.0,-9999.0,-9999.0,-9999.0
P21_HV1_1_interaction,active_and_state_lat_and_long_zero_last_source_row_continuous_segment,P21,HV1,1,on_ramp,P21_HV1_1,P21_HV1.1.asc,HV1,60,initiator_active,3794,1,63233.33,63233.3335,1.0,1.0,25.43064,91.550304,7.0,35.506446,-1536.339086,0.218902,0.194049,0.0,25.436093,-0.010007,0.0,1536.370483,-34.726849,6.279757,1.0,0.0,0.0,0.0,1619.586554,-39.411894,1021.0,1.0,119.169004,6.0,-0.699097,33.821193,121.756295,33.821189,0.01758,4.9e-05,-0.421802,-0.101004,-0.000202,0.016014,0.0,0.0,0.0,0.0,0.0,0.0,-9999.0,-9999.0,-9999.0,-9999.0,-9999.0,-9999.0,-9999.0,-9999.0,-9999.0,-9999.0,-9999.0,-9999.0,-9999.0,-9999.0
P21_HV1_1_interaction,active_and_state_lat_and_long_zero_last_source_row_continuous_segment,P21,HV1,1,on_ramp,P21_HV1_1,P21_HV1.1.asc,HV1,60,initiator_active,3795,1,63250.0,63250.0001,1.0,1.0,25.434304,91.563496,7.0,35.930335,-1536.762901,0.219953,0.190823,0.0,25.439748,-0.011461,0.0,1536.79443,-34.728417,6.279941,1.0,0.0,0.0,0.0,1620.150197,-39.418228,1021.0,1.0,119.732672,6.0,-0.702584,33.814219,121.731188,33.814214,0.017575,4.5e-05,-0.417664,-0.101002,-0.000192,0.016014,0.0,0.0,0.0,0.0,0.0,0.0,-9999.0,-9999.0,-9999.0,-9999.0,-9999.0,-9999.0,-9999.0,-9999.0,-9999.0,-9999.0,-9999.0,-9999.0,-9999.0,-9999.0
P21_HV1_1_interaction,active_and_state_lat_and_long_zero_last_source_row_continuous_segment,P21,HV1,1,on_ramp,P21_HV1_1,P21_HV1.1.asc,HV1,60,initiator_active,3796,1,63266.67,63266.6679,1.0,1.0,25.437916,91.576498,7.0,36.354285,-1537.186775,0.219613,0.191915,0.0,25.44341,-0.012907,0.0,1537.218438,-34.729932,6.280124,1.0,0.0,0.0,0.0,1620.713722,-39.424589,1021.0,1.0,120.296223,6.0,-0.706099,33.807262,121.706145,33.807258,0.017571,4.3e-05,-0.417197,-0.101,-0.000132,0.016014,0.0,0.002198,0.0,0.0,0.0,0.0,-9999.0,-9999.0,-9999.0,-9999.0,-9999.0,-9999.0,-9999.0,-9999.0,-9999.0,-9999.0,-9999.0,-9999.0,-9999.0,-9999.0
P21_HV1_1_interaction,active_and_state_lat_and_long_zero_last_source_row_continuous_segment,P21,HV1,1,on_ramp,P21_HV1_1,P21_HV1.1.asc,HV1,60,initiator_active,3797,1,63283.33,63283.3336,1.0,1.0,25.44158,91.589687,7.0,36.778295,-1537.610709,0.216383,0.187048,0.0,25.447034,-0.014272,0.0,1537.642507,-34.731394,6.280302,1.0,0.0,0.0,0.0,1621.277131,-39.430977,1021.0,1.0,120.859657,6.0,-0.709641,33.800041,121.680149,33.800037,0.017567,4.1e-05,-0.437774,-0.10099,-7.2e-05,0.016014,0.0,0.0,0.0,0.0,0.0,0.0,-9999.0,-9999.0,-9999.0,-9999.0,-9999.0,-9999.0,-9999.0,-9999.0,-9999.0,-9999.0,-9999.0,-9999.0,-9999.0,-9999.0
P21_HV1_1_interaction,active_and_state_lat_and_long_zero_last_source_row_continuous_segment,P21,HV1,1,on_ramp,P21_HV1_1,P21_HV1.1.asc,HV1,60,initiator_active,3798,1,63300.0,63300.0008,1.0,1.0,25.445239,91.602861,7.0,37.202366,-1538.034704,0.219277,0.186585,0.0,25.450658,-0.015559,0.0,1538.066637,-34.732805,6.280476,1.0,0.0,0.0,0.0,1621.84042,-39.437391,1021.0,1.0,121.422971,6.0,-0.713211,33.793004,121.654814,33.792999,0.017562,4e-05,-0.417776,-0.100997,-1.9e-05,0.016014,0.0,0.0,0.0,0.0,0.0,0.0,-9999.0,-9999.0,-9999.0,-9999.0,-9999.0,-9999.0,-9999.0,-9999.0,-9999.0,-9999.0,-9999.0,-9999.0,-9999.0,-9999.0
P21_HV1_1_interaction,active_and_state_lat_and_long_zero_last_source_row_continuous_segment,P21,HV1,1,on_ramp,P21_HV1_1,P21_HV1.1.asc,HV1,60,initiator_active,3799,1,63316.67,63316.6691,1.0,1.0,25.448836,91.615809,7.0,37.626498,-1538.458757,0.296305,0.184133,0.0,25.455212,-0.016716,0.0,1538.490827,-34.734166,6.280642,1.0,0.0,0.0,0.0,1622.403592,-39.443831,1021.0,1.0,121.986168,6.0,-0.716807,33.78605,121.62978,33.786046,0.017558,4.1e-05,-0.416979,-0.100996,2.6e-05,0.016014,0.0,0.0,0.0,0.0,0.0,0.0,-9999.0,-9999.0,-9999.0,-9999.0,-9999.0,-9999.0,-9999.0,-9999.0,-9999.0,-9999.0,-9999.0,-9999.0,-9999.0,-9999.0
P21_HV1_1_interaction,active_and_state_lat_and_long_zero_last_source_row_continuous_segment,P21,HV1,1,on_ramp,P21_HV1_1,P21_HV1.1.asc,HV1,60,initiator_active,3800,1,63333.33,63333.3341,1.0,1.0,25.452484,91.628941,7.0,38.05069,-1538.88287,0.213682,0.179656,0.0,25.459582,-0.017724,0.0,1538.915099,-34.735477,6.280801,1.0,0.0,0.0,0.0,1622.997924,-39.450659,1021.0,1.0,122.580527,6.0,-0.720633,33.778716,121.603379,33.778712,0.017553,4.2e-05,-0.416735,-0.100994,8.1e-05,0.016014,0.0,0.0,0.0,0.0,0.0,0.0,-9999.0,-9999.0,-9999.0,-9999.0,-9999.0,-9999.0,-9999.0,-9999.0,-9999.0,-9999.0,-9999.0,-9999.0,-9999.0,-9999.0
P21_HV1_1_interaction,active_and_state_lat_and_long_zero_last_source_row_continuous_segment,P21,HV1,1,on_ramp,P21_HV1_1,P21_HV1.1.asc,HV1,60,initiator_active,3801,1,63350.0,63350.0007,1.0,1.0,25.45768,91.647647,7.0,38.474963,-1539.307064,0.209018,0.174935,0.0,25.463126,-0.018547,0.0,1539.339438,-34.736741,6.28095,1.0,0.0,0.0,0.0,1623.529586,-39.456793,1021.0,1.0,123.112213,6.0,-0.724082,33.772157,121.579766,33.772153,0.017549,4.3e-05,-0.41661,-0.100993,0.000121,0.016014,0.0,0.0,0.0,0.0,0.0,0.0,-9999.0,-9999.0,-9999.0,-9999.0,-9999.0,-9999.0,-9999.0,-9999.0,-9999.0,-9999.0,-9999.0,-9999.0,-9999.0,-9999.0
P21_HV1_1_interaction,active_and_state_lat_and_long_zero_last_source_row_continuous_segment,P21,HV1,1,on_ramp,P21_HV1_1,P21_HV1.1.asc,HV1,60,initiator_active,3802,1,63366.67,63366.6669,1.0,1.0,25.461361,91.6609,7.0,38.899303,-1539.731323,0.217705,0.166183,0.0,25.466659,-0.019214,0.0,1539.763836,-34.737957,6.281089,1.0,0.0,0.0,0.0,1624.092408,-39.463313,1021.0,1.0,123.675061,6.0,-0.727761,33.765214,121.554771,33.76521,0.017544,4.5e-05,-0.416507,-0.100991,0.000146,0.016014,0.0,0.0,0.0,0.0,0.0,0.0,-9999.0,-9999.0,-9999.0,-9999.0,-9999.0,-9999.0,-9999.0,-9999.0,-9999.0,-9999.0,-9999.0,-9999.0,-9999.0,-9999.0
P21_HV1_1_interaction,active_and_state_lat_and_long_zero_last_source_row_continuous_segment,P21,HV1,1,on_ramp,P21_HV1_1,P21_HV1.1.asc,HV1,60,initiator_active,3803,1,63383.33,63383.334,1.0,1.0,25.464866,91.673518,7.0,39.323702,-1540.155641,0.216277,0.162252,0.0,25.470274,-0.019733,0.0,1540.188294,-34.739129,6.281217,1.0,0.0,0.0,0.0,1624.686373,-39.470225,1021.0,1.0,124.269053,6.0,-0.731673,33.757887,121.528393,33.757883,0.01754,4.8e-05,-0.41641,-0.100989,0.000153,0.016014,0.0,0.0,0.0,0.0,0.0,0.0,-9999.0,-9999.0,-9999.0,-9999.0,-9999.0,-9999.0,-9999.0,-9999.0,-9999.0,-9999.0,-9999.0,-9999.0,-9999.0,-9999.0
P21_HV1_1_interaction,active_and_state_lat_and_long_zero_last_source_row_continuous_segment,P21,HV1,1,on_ramp,P21_HV1_1,P21_HV1.1.asc,HV1,60,initiator_active,3804,1,63400.01,63400.0058,1.0,1.0,25.468472,91.686498,7.0,39.74816,-1540.580017,0.216494,0.155933,0.0,25.473877,-0.020037,0.0,1540.612812,-34.740257,6.281334,1.0,0.0,0.0,0.0,1625.217706,-39.476434,1021.0,1.0,124.800411,6.0,-0.735199,33.751333,121.504797,33.751328,0.017536,5e-05,-0.416326,-0.100987,0.000144,0.016014,0.0,0.0,0.0,0.0,0.0,0.0,-9999.0,-9999.0,-9999.0,-9999.0,-9999.0,-9999.0,-9999.0,-9999.0,-9999.0,-9999.0,-9999.0,-9999.0,-9999.0,-9999.0
P21_HV1_1_interaction,active_and_state_lat_and_long_zero_last_source_row_continuous_segment,P21,HV1,1,on_ramp,P21_HV1_1,P21_HV1.1.asc,HV1,60,initiator_active,3805,1,63416.67,63416.6668,1.0,1.0,25.472075,91.699471,7.0,40.172678,-1541.004452,0.235386,0.14903,0.0,25.477517,-0.020146,0.0,1541.03739,-34.741344,6.281439,1.0,0.0,0.0,0.0,1625.78018,-39.483035,1021.0,1.0,125.362911,6.0,-0.738959,33.744394,121.479819,33.744389,0.017531,5.3e-05,-0.416239,-0.100985,0.000126,0.016014,0.0,0.0,0.0,0.0,0.0,0.0,-9999.0,-9999.0,-9999.0,-9999.0,-9999.0,-9999.0,-9999.0,-9999.0,-9999.0,-9999.0,-9999.0,-9999.0,-9999.0,-9999.0
P21_HV1_1_interaction,active_and_state_lat_and_long_zero_last_source_row_continuous_segment,P21,HV1,1,on_ramp,P21_HV1_1,P21_HV1.1.asc,HV1,60,initiator_active,3806,1,63433.33,63433.3334,1.0,1.0,25.47568,91.71245,7.0,40.597256,-1541.428947,0.215485,0.145152,0.0,25.481352,-0.02007,0.0,1541.46203,-34.742391,6.281533,1.0,0.0,0.0,0.0,1626.342539,-39.489662,1021.0,1.0,125.925296,6.0,-0.742746,33.737457,121.454845,33.737452,0.017527,5.5e-05,-0.416151,-0.100982,0.000103,0.016014,0.0,0.0,0.0,0.0,0.0,0.0,-9999.0,-9999.0,-9999.0,-9999.0,-9999.0,-9999.0,-9999.0,-9999.0,-9999.0,-9999.0,-9999.0,-9999.0,-9999.0,-9999.0
P21_HV1_1_interaction,active_and_state_lat_and_long_zero_last_source_row_continuous_segment,P21,HV1,1,on_ramp,P21_HV1_1,P21_HV1.1.asc,HV1,60,initiator_active,3807,1,63450.02,63450.0153,1.0,1.0,25.479478,91.726121,7.0,41.021896,-1541.853503,0.21196,0.138153,0.0,25.484942,-0.01979,0.0,1541.886733,-34.7434,6.281616,1.0,0.0,0.0,0.0,1626.904782,-39.496316,1021.0,1.0,126.487566,6.0,-0.74656,33.730521,121.429876,33.730517,0.017522,5.6e-05,-0.416064,-0.10098,7.7e-05,0.016014,0.0,0.0,0.0,0.0,0.0,0.0,-9999.0,-9999.0,-9999.0,-9999.0,-9999.0,-9999.0,-9999.0,-9999.0,-9999.0,-9999.0,-9999.0,-9999.0,-9999.0,-9999.0
P21_HV1_1_interaction,active_and_state_lat_and_long_zero_last_source_row_continuous_segment,P21,HV1,1,on_ramp,P21_HV1_1,P21_HV1.1.asc,HV1,60,initiator_active,3808,1,63466.67,63466.6735,1.0,1.0,25.483147,91.739329,7.0,41.446599,-1542.278121,0.208237,0.135207,0.0,25.488485,-0.019336,0.0,1542.311496,-34.744372,6.281688,1.0,0.0,0.0,0.0,1627.466909,-39.502996,1021.0,1.0,127.049719,6.0,-0.750402,33.723587,121.404913,33.723582,0.017518,5.7e-05,-0.415977,-0.100977,5.3e-05,0.016014,0.0,0.002198,0.0,0.0,0.0,0.0,-9999.0,-9999.0,-9999.0,-9999.0,-9999.0,-9999.0,-9999.0,-9999.0,-9999.0,-9999.0,-9999.0,-9999.0,-9999.0,-9999.0
P21_HV1_1_interaction,active_and_state_lat_and_long_zero_last_source_row_continuous_segment,P21,HV1,1,on_ramp,P21_HV1_1,P21_HV1.1.asc,HV1,60,initiator_active,3809,1,63483.38,63483.3789,1.0,1.0,25.486708,91.752148,7.0,41.871361,-1542.702797,0.217344,0.128901,0.0,25.491945,-0.018701,0.0,1542.736317,-34.745308,6.28175,1.0,0.0,0.0,0.0,1628.028919,-39.509703,1021.0,1.0,127.611756,6.0,-0.754271,33.716385,121.378985,33.71638,0.017513,5.8e-05,-0.436678,-0.100966,4e-06,0.016014,0.0,0.002198,0.0,0.0,0.0,0.0,-9999.0,-9999.0,-9999.0,-9999.0,-9999.0,-9999.0,-9999.0,-9999.0,-9999.0,-9999.0,-9999.0,-9999.0,-9999.0,-9999.0
P21_HV1_1_interaction,active_and_state_lat_and_long_zero_last_source_row_continuous_segment,P21,HV1,1,on_ramp,P21_HV1_1,P21_HV1.1.asc,HV1,60,initiator_active,3810,1,63500.02,63500.0189,1.0,1.0,25.49022,91.764791,7.0,42.296182,-1543.127532,0.221481,0.122713,0.0,25.495623,-0.017956,0.0,1543.161197,-34.746209,6.281803,1.0,0.0,0.0,0.0,1628.59081,-39.516437,1021.0,1.0,128.173674,6.0,-0.758166,33.709096,121.352745,33.709091,0.017509,5.7e-05,-0.437493,-0.100963,-7e-05,0.016014,0.0,0.002198,0.0,0.0,0.0,0.0,-9999.0,-9999.0,-9999.0,-9999.0,-9999.0,-9999.0,-9999.0,-9999.0,-9999.0,-9999.0,-9999.0,-9999.0,-9999.0,-9999.0
P21_HV1_1_interaction,active_and_state_lat_and_long_zero_last_source_row_continuous_segment,P21,HV1,1,on_ramp,P21_HV1_1,P21_HV1.1.asc,HV1,60,initiator_active,3811,1,63516.67,63516.6694,1.0,1.0,25.493756,91.777521,7.0,42.72106,-1543.552324,0.213749,0.120473,0.0,25.499288,-0.017077,0.0,1543.586138,-34.747078,6.281849,1.0,0.0,0.0,0.0,1629.183785,-39.523573,1021.0,1.0,128.766677,6.0,-0.762308,33.701397,121.325029,33.701392,0.017504,5.5e-05,-0.437616,-0.10096,-0.000161,0.016014,0.0,0.0,0.0,0.0,0.0,0.0,-9999.0,-9999.0,-9999.0,-9999.0,-9999.0,-9999.0,-9999.0,-9999.0,-9999.0,-9999.0,-9999.0,-9999.0,-9999.0,-9999.0
P21_HV1_1_interaction,active_and_state_lat_and_long_zero_last_source_row_continuous_segment,P21,HV1,1,on_ramp,P21_HV1_1,P21_HV1.1.asc,HV1,60,initiator_active,3812,1,63533.34,63533.3366,1.0,1.0,25.497468,91.790886,7.0,43.146001,-1543.977178,0.217259,0.115454,0.0,25.502858,-0.016084,0.0,1544.01114,-34.747914,6.281888,1.0,0.0,0.0,0.0,1629.714227,-39.529983,1021.0,1.0,129.297145,6.0,-0.76604,33.694758,121.301129,33.694754,0.0175,5.2e-05,-0.416946,-0.100966,-0.000198,0.016014,0.0,0.0,0.0,0.0,0.0,0.0,-9999.0,-9999.0,-9999.0,-9999.0,-9999.0,-9999.0,-9999.0,-9999.0,-9999.0,-9999.0,-9999.0,-9999.0,-9999.0,-9999.0
P21_HV1_1_interaction,active_and_state_lat_and_long_zero_last_source_row_continuous_segment,P21,HV1,1,on_ramp,P21_HV1_1,P21_HV1.1.asc,HV1,60,initiator_active,3813,1,63550.0,63550.0007,1.0,1.0,25.501069,91.80385,7.0,43.571002,-1544.402091,0.21821,0.112211,0.0,25.506485,-0.015034,0.0,1544.436202,-34.748718,6.281922,1.0,0.0,0.0,0.0,1630.275756,-39.536796,1021.0,1.0,129.858701,6.0,-0.770017,33.687822,121.276158,33.687817,0.017495,4.9e-05,-0.415855,-0.100963,-0.000172,0.016014,0.0,0.002198,0.0,0.0,0.0,0.0,-9999.0,-9999.0,-9999.0,-9999.0,-9999.0,-9999.0,-9999.0,-9999.0,-9999.0,-9999.0,-9999.0,-9999.0,-9999.0,-9999.0
P21_HV1_1_interaction,active_and_state_lat_and_long_zero_last_source_row_continuous_segment,P21,HV1,1,on_ramp,P21_HV1_1,P21_HV1.1.asc,HV1,60,initiator_active,3814,1,63566.67,63566.6676,1.0,1.0,25.504668,91.816806,7.0,43.996062,-1544.827063,0.218331,0.107099,0.0,25.510122,-0.013931,0.0,1544.861324,-34.749492,6.281952,1.0,0.0,0.0,0.0,1630.837169,-39.543636,1021.0,1.0,130.420142,6.0,-0.774021,33.680624,121.250246,33.680619,0.017491,4.6e-05,-0.436341,-0.100953,-0.000126,0.016014,0.0,0.002198,0.0,0.0,0.0,0.0,-9999.0,-9999.0,-9999.0,-9999.0,-9999.0,-9999.0,-9999.0,-9999.0,-9999.0,-9999.0,-9999.0,-9999.0,-9999.0,-9999.0
P21_HV1_1_interaction,active_and_state_lat_and_long_zero_last_source_row_continuous_segment,P21,HV1,1,on_ramp,P21_HV1_1,P21_HV1.1.asc,HV1,60,initiator_active,3815,1,63583.33,63583.3342,1.0,1.0,25.508303,91.82989,7.0,44.421183,-1545.252095,0.218438,0.100789,0.0,25.513761,-0.012859,0.0,1545.286507,-34.750236,6.281979,1.0,0.0,0.0,0.0,1631.398462,-39.550502,1021.0,1.0,130.981462,6.0,-0.778053,33.673443,121.224395,33.673439,0.017486,4.5e-05,-0.419706,-0.100959,-9.8e-05,0.016014,0.0,0.002198,0.0,0.0,0.0,0.0,-9999.0,-9999.0,-9999.0,-9999.0,-9999.0,-9999.0,-9999.0,-9999.0,-9999.0,-9999.0,-9999.0,-9999.0,-9999.0,-9999.0
P21_HV1_1_interaction,active_and_state_lat_and_long_zero_last_source_row_continuous_segment,P21,HV1,1,on_ramp,P21_HV1_1,P21_HV1.1.asc,HV1,60,initiator_active,3816,1,63600.0,63600.0009,1.0,1.0,25.511941,91.842987,7.0,44.846364,-1545.677188,0.227439,0.09425,0.0,25.517369,-0.011853,0.0,1545.711751,-34.750951,6.282004,1.0,0.0,0.0,0.0,1631.959635,-39.557395,1021.0,1.0,131.542663,6.0,-0.782111,33.666232,121.198436,33.666228,0.017482,4.3e-05,-0.436537,-0.100949,-7.7e-05,0.016014,0.0,0.002198,0.0,0.0,0.0,0.0,-9999.0,-9999.0,-9999.0,-9999.0,-9999.0,-9999.0,-9999.0,-9999.0,-9999.0,-9999.0,-9999.0,-9999.0,-9999.0,-9999.0
P21_HV1_1_interaction,active_and_state_lat_and_long_zero_last_source_row_continuous_segment,P21,HV1,1,on_ramp,P21_HV1_1,P21_HV1.1.asc,HV1,60,initiator_active,3817,1,63616.67,63616.6678,1.0,1.0,25.515581,91.856091,7.0,45.271606,-1546.10234,0.220177,0.089035,0.0,25.521155,-0.010912,0.0,1546.137055,-34.751639,6.282028,1.0,0.0,0.0,0.0,1632.520688,-39.564314,1021.0,1.0,132.103743,6.0,-0.786197,33.65895,121.172218,33.658945,0.017477,4.2e-05,-0.437021,-0.100946,-7.2e-05,0.016014,0.0,0.0,0.0,0.0,0.0,0.0,-9999.0,-9999.0,-9999.0,-9999.0,-9999.0,-9999.0,-9999.0,-9999.0,-9999.0,-9999.0,-9999.0,-9999.0,-9999.0,-9999.0
P21_HV1_1_interaction,active_and_state_lat_and_long_zero_last_source_row_continuous_segment,P21,HV1,1,on_ramp,P21_HV1_1,P21_HV1.1.asc,HV1,60,initiator_active,3818,1,63633.34,63633.3394,1.0,1.0,25.519264,91.86935,7.0,45.696909,-1546.527552,0.218199,0.080072,0.0,25.52481,-0.010044,0.0,1546.562423,-34.752302,6.282051,1.0,0.0,0.0,0.0,1633.112779,-39.571646,1021.0,1.0,132.695864,6.0,-0.790539,33.651549,121.145577,33.651545,0.017472,4.1e-05,-0.416129,-0.100953,-5.6e-05,0.016014,0.0,0.0,0.0,0.0,0.0,0.0,-9999.0,-9999.0,-9999.0,-9999.0,-9999.0,-9999.0,-9999.0,-9999.0,-9999.0,-9999.0,-9999.0,-9999.0,-9999.0,-9999.0
P21_HV1_1_interaction,active_and_state_lat_and_long_zero_last_source_row_continuous_segment,P21,HV1,1,on_ramp,P21_HV1_1,P21_HV1.1.asc,HV1,60,initiator_active,3819,1,63650.0,63650.001,1.0,1.0,25.52299,91.882764,7.0,46.122274,-1546.952827,0.215503,0.073688,0.0,25.528415,-0.009293,0.0,1546.98785,-34.752942,6.282073,1.0,0.0,0.0,0.0,1633.642433,-39.578232,1021.0,1.0,133.225545,6.0,-0.79445,33.645008,121.122028,33.645003,0.017468,4e-05,-0.415297,-0.100951,-1e-05,0.016014,0.0,0.0,0.0,0.0,0.0,0.0,-9999.0,-9999.0,-9999.0,-9999.0,-9999.0,-9999.0,-9999.0,-9999.0,-9999.0,-9999.0,-9999.0,-9999.0,-9999.0,-9999.0
P21_HV1_1_interaction,active_and_state_lat_and_long_zero_last_source_row_continuous_segment,P21,HV1,1,on_ramp,P21_HV1_1,P21_HV1.1.asc,HV1,60,initiator_active,3820,1,63666.67,63666.6676,1.0,1.0,25.526628,91.895863,7.0,46.547699,-1547.378162,0.210931,0.067528,0.0,25.532028,-0.008633,0.0,1547.413338,-34.753561,6.282094,1.0,0.0,0.0,0.0,1634.203131,-39.58523,1021.0,1.0,133.786271,6.0,-0.798617,33.638089,121.097119,33.638084,0.017463,4.1e-05,-0.415011,-0.100949,6.4e-05,0.016014,0.0,0.0,0.0,0.0,0.0,0.0,-9999.0,-9999.0,-9999.0,-9999.0,-9999.0,-9999.0,-9999.0,-9999.0,-9999.0,-9999.0,-9999.0,-9999.0,-9999.0,-9999.0
P21_HV1_1_interaction,active_and_state_lat_and_long_zero_last_source_row_continuous_segment,P21,HV1,1,on_ramp,P21_HV1_1,P21_HV1.1.asc,HV1,60,initiator_active,3821,1,63683.33,63683.3341,1.0,1.0,25.53021,91.908758,7.0,46.973185,-1547.803557,0.218054,0.061962,0.0,25.535561,-0.008032,0.0,1547.838886,-34.75416,6.282114,1.0,0.0,0.0,0.0,1634.763713,-39.592255,1021.0,1.0,134.346881,6.0,-0.802811,33.631173,121.072222,33.631168,0.017459,4.3e-05,-0.414861,-0.100948,0.000136,0.016014,0.0,0.0,0.0,0.0,0.0,0.0,-9999.0,-9999.0,-9999.0,-9999.0,-9999.0,-9999.0,-9999.0,-9999.0,-9999.0,-9999.0,-9999.0,-9999.0,-9999.0,-9999.0
P21_HV1_1_interaction,active_and_state_lat_and_long_zero_last_source_row_continuous_segment,P21,HV1,1,on_ramp,P21_HV1_1,P21_HV1.1.asc,HV1,60,initiator_active,3822,1,63700.0,63700.0008,1.0,1.0,25.533786,91.921628,7.0,47.39873,-1548.229011,0.223342,0.055332,0.0,25.539205,-0.007539,0.0,1548.264493,-34.754742,6.282134,1.0,0.0,0.0,0.0,1635.324179,-39.599307,1021.0,1.0,134.907376,6.0,-0.807032,33.624259,121.047332,33.624254,0.017454,4.5e-05,-0.414754,-0.100945,0.000182,0.016014,0.0,0.0,0.0,0.0,0.0,0.0,-9999.0,-9999.0,-9999.0,-9999.0,-9999.0,-9999.0,-9999.0,-9999.0,-9999.0,-9999.0,-9999.0,-9999.0,-9999.0,-9999.0
P21_HV1_1_interaction,active_and_state_lat_and_long_zero_last_source_row_continuous_segment,P21,HV1,1,on_ramp,P21_HV1_1,P21_HV1.1.asc,HV1,60,initiator_active,3823,1,63716.67,63716.6712,1.0,1.0,25.537378,91.934562,7.0,47.824335,-1548.654524,0.219629,0.048146,0.0,25.542918,-0.007116,0.0,1548.690162,-34.755308,6.282152,1.0,0.0,0.0,0.0,1635.88453,-39.606385,1021.0,1.0,135.467755,6.0,-0.811281,33.617346,121.022447,33.617342,0.017449,4.9e-05,-0.41466,-0.100943,0.000201,0.016014,0.0,0.002198,0.0,0.0,0.0,0.0,-9999.0,-9999.0,-9999.0,-9999.0,-9999.0,-9999.0,-9999.0,-9999.0,-9999.0,-9999.0,-9999.0,-9999.0,-9999.0,-9999.0
P21_HV1_1_interaction,active_and_state_lat_and_long_zero_last_source_row_continuous_segment,P21,HV1,1,on_ramp,P21_HV1_1,P21_HV1.1.asc,HV1,60,initiator_active,3824,1,63733.33,63733.3335,1.0,1.0,25.541066,91.947839,7.0,48.250001,-1549.080097,0.122265,0.038895,0.0,25.546112,-0.006759,0.0,1549.115892,-34.75586,6.282168,1.0,0.0,0.0,0.0,1636.444765,-39.61349,1021.0,1.0,136.028019,6.0,-0.815556,33.610166,120.996597,33.610161,0.017445,5.2e-05,-0.435368,-0.100931,0.000168,0.016014,0.0,0.0,0.0,0.0,0.0,0.0,-9999.0,-9999.0,-9999.0,-9999.0,-9999.0,-9999.0,-9999.0,-9999.0,-9999.0,-9999.0,-9999.0,-9999.0,-9999.0,-9999.0
P21_HV1_1_interaction,active_and_state_lat_and_long_zero_last_source_row_continuous_segment,P21,HV1,1,on_ramp,P21_HV1_1,P21_HV1.1.asc,HV1,60,initiator_active,3825,1,63750.0,63750.0002,1.0,1.0,25.544749,91.961095,7.0,48.675728,-1549.505733,0.254322,0.03106,0.0,25.54856,-0.006471,0.0,1549.541668,-34.7564,6.282181,1.0,0.0,0.0,0.0,1637.004881,-39.620621,1021.0,1.0,136.588164,6.0,-0.819859,33.603169,120.971407,33.603164,0.01744,5.4e-05,-0.415379,-0.100937,0.000116,0.016014,0.0,0.0,0.0,0.0,0.0,0.0,-9999.0,-9999.0,-9999.0,-9999.0,-9999.0,-9999.0,-9999.0,-9999.0,-9999.0,-9999.0,-9999.0,-9999.0,-9999.0,-9999.0
P21_HV1_1_interaction,active_and_state_lat_and_long_zero_last_source_row_continuous_segment,P21,HV1,1,on_ramp,P21_HV1_1,P21_HV1.1.asc,HV1,60,initiator_active,3826,1,63766.67,63766.6732,1.0,1.0,25.547131,91.969673,7.0,49.101502,-1549.931414,0.22995,0.028378,0.0,25.552798,-0.006245,0.0,1549.967494,-34.756931,6.282192,1.0,0.0,0.0,0.0,1637.56488,-39.627779,1021.0,1.0,137.148191,6.0,-0.824188,33.596255,120.946517,33.59625,0.017435,5.6e-05,-0.414604,-0.100933,6.9e-05,0.016014,0.0,0.0,0.0,0.0,0.0,0.0,-9999.0,-9999.0,-9999.0,-9999.0,-9999.0,-9999.0,-9999.0,-9999.0,-9999.0,-9999.0,-9999.0,-9999.0,-9999.0,-9999.0
P21_HV1_1_interaction,active_and_state_lat_and_long_zero_last_source_row_continuous_segment,P21,HV1,1,on_ramp,P21_HV1_1,P21_HV1.1.asc,HV1,60,initiator_active,3827,1,63783.33,63783.3339,1.0,1.0,25.550679,91.982445,7.0,49.527325,-1550.357145,0.220326,0.021333,0.0,25.556568,-0.005997,0.0,1550.39339,-34.757454,6.282199,1.0,0.0,0.0,0.0,1638.124762,-39.634963,1021.0,1.0,137.708103,6.0,-0.828545,33.589346,120.921647,33.589342,0.017431,5.7e-05,-0.414375,-0.10093,5.3e-05,0.016014,0.0,0.0,0.0,0.0,0.0,0.0,-9999.0,-9999.0,-9999.0,-9999.0,-9999.0,-9999.0,-9999.0,-9999.0,-9999.0,-9999.0,-9999.0,-9999.0,-9999.0,-9999.0
P21_HV1_1_interaction,active_and_state_lat_and_long_zero_last_source_row_continuous_segment,P21,HV1,1,on_ramp,P21_HV1_1,P21_HV1.1.asc,HV1,60,initiator_active,3828,1,63800.0,63800.0008,1.0,1.0,25.554714,91.996971,7.0,49.953218,-1550.782945,0.212768,0.012913,0.0,25.560203,-0.005768,0.0,1550.819347,-34.757972,6.282203,1.0,0.0,0.0,0.0,1638.68453,-39.642174,1021.0,1.0,138.2679,6.0,-0.832929,33.582441,120.896787,33.582436,0.017426,5.7e-05,-0.414243,-0.100927,4.9e-05,0.016014,0.0,0.0,0.0,0.0,0.0,0.0,-9999.0,-9999.0,-9999.0,-9999.0,-9999.0,-9999.0,-9999.0,-9999.0,-9999.0,-9999.0,-9999.0,-9999.0,-9999.0,-9999.0
P21_HV1_1_interaction,active_and_state_lat_and_long_zero_last_source_row_continuous_segment,P21,HV1,1,on_ramp,P21_HV1_1,P21_HV1.1.asc,HV1,60,initiator_active,3829,1,63816.67,63816.6675,1.0,1.0,25.558404,92.010255,7.0,50.379173,-1551.208808,0.222281,0.006597,0.0,25.563811,-0.00555,0.0,1551.245365,-34.758486,6.282202,1.0,0.0,0.0,0.0,1639.244181,-39.649411,1021.0,1.0,138.827581,6.0,-0.837339,33.575537,120.871934,33.575533,0.017421,5.8e-05,-0.414142,-0.100924,4.9e-05,0.016014,0.0,0.002198,0.0,0.0,0.0,0.0,-9999.0,-9999.0,-9999.0,-9999.0,-9999.0,-9999.0,-9999.0,-9999.0,-9999.0,-9999.0,-9999.0,-9999.0,-9999.0,-9999.0
P21_HV1_1_interaction,active_and_state_lat_and_long_zero_last_source_row_continuous_segment,P21,HV1,1,on_ramp,P21_HV1_1,P21_HV1.1.asc,HV1,60,initiator_active,3830,1,63833.33,63833.3339,1.0,1.0,25.561976,92.023113,7.0,50.805188,-1551.63473,0.21981,0.000631,0.0,25.5675,-0.005331,0.0,1551.671443,-34.758998,6.282196,1.0,0.0,0.0,0.0,1639.803717,-39.656674,1021.0,1.0,139.387146,6.0,-0.841777,33.568365,120.846114,33.568361,0.017416,5.9e-05,-0.43485,-0.100912,1.9e-05,0.016014,0.0,0.0,0.0,0.0,0.0,0.0,-9999.0,-9999.0,-9999.0,-9999.0,-9999.0,-9999.0,-9999.0,-9999.0,-9999.0,-9999.0,-9999.0,-9999.0,-9999.0,-9999.0
P21_HV1_1_interaction,active_and_state_lat_and_long_zero_last_source_row_continuous_segment,P21,HV1,1,on_ramp,P21_HV1_1,P21_HV1.1.asc,HV1,60,initiator_active,3831,1,63850.01,63850.0057,1.0,1.0,25.565663,92.036386,7.0,51.231263,-1552.060713,0.23022,-0.00587,0.0,25.571194,-0.005082,0.0,1552.097583,-34.759511,6.282186,1.0,0.0,0.0,0.0,1640.363134,-39.663964,1021.0,1.0,139.946593,6.0,-0.846242,33.561377,120.820956,33.561372,0.017412,5.9e-05,-0.414855,-0.100917,-1.6e-05,0.016014,0.0,0.0,0.0,0.0,0.0,0.0,-9999.0,-9999.0,-9999.0,-9999.0,-9999.0,-9999.0,-9999.0,-9999.0,-9999.0,-9999.0,-9999.0,-9999.0,-9999.0,-9999.0
P21_HV1_1_interaction,active_and_state_lat_and_long_zero_last_source_row_continuous_segment,P21,HV1,1,on_ramp,P21_HV1_1,P21_HV1.1.asc,HV1,60,initiator_active,3832,1,63866.67,63866.6678,1.0,1.0,25.569332,92.049594,7.0,51.6574,-1552.486757,0.215938,-0.01275,0.0,25.574993,-0.004805,0.0,1552.523785,-34.760025,6.28217,1.0,0.0,0.0,0.0,1640.922434,-39.671281,1021.0,1.0,140.505923,6.0,-0.850734,33.554471,120.796096,33.554467,0.017407,5.8e-05,-0.414083,-0.100913,-4.1e-05,0.016014,0.0,0.0,0.0,0.0,0.0,0.0,-9999.0,-9999.0,-9999.0,-9999.0,-9999.0,-9999.0,-9999.0,-9999.0,-9999.0,-9999.0,-9999.0,-9999.0,-9999.0,-9999.0
P21_HV1_1_interaction,active_and_state_lat_and_long_zero_last_source_row_continuous_segment,P21,HV1,1,on_ramp,P21_HV1_1,P21_HV1.1.asc,HV1,60,initiator_active,3833,1,63883.34,63883.3375,1.0,1.0,25.573113,92.063206,7.0,52.083599,-1552.912864,0.214771,-0.021595,0.0,25.578555,-0.0045,0.0,1552.950049,-34.760544,6.282148,1.0,0.0,0.0,0.0,1641.481619,-39.678623,1021.0,1.0,141.065137,6.0,-0.855253,33.547572,120.771258,33.547567,0.017402,5.7e-05,-0.413855,-0.10091,-3.5e-05,0.016014,0.0,0.0,0.0,0.0,0.0,0.0,-9999.0,-9999.0,-9999.0,-9999.0,-9999.0,-9999.0,-9999.0,-9999.0,-9999.0,-9999.0,-9999.0,-9999.0,-9999.0,-9999.0
P21_HV1_1_interaction,active_and_state_lat_and_long_zero_last_source_row_continuous_segment,P21,HV1,1,on_ramp,P21_HV1_1,P21_HV1.1.asc,HV1,60,initiator_active,3834,1,63900.0,63900.0008,1.0,1.0,25.576792,92.076453,7.0,52.509861,-1553.339033,0.218606,-0.03038,0.0,25.582161,-0.004173,0.0,1553.376373,-34.761069,6.28212,1.0,0.0,0.0,0.0,1642.040687,-39.685993,1021.0,1.0,141.624236,6.0,-0.859799,33.540675,120.746429,33.54067,0.017397,5.7e-05,-0.413723,-0.100907,-1.5e-05,0.016014,0.0,0.0,0.0,0.0,0.0,0.0,-9999.0,-9999.0,-9999.0,-9999.0,-9999.0,-9999.0,-9999.0,-9999.0,-9999.0,-9999.0,-9999.0,-9999.0,-9999.0,-9999.0
P21_HV1_1_interaction,active_and_state_lat_and_long_zero_last_source_row_continuous_segment,P21,HV1,1,on_ramp,P21_HV1_1,P21_HV1.1.asc,HV1,60,initiator_active,3835,1,63916.67,63916.6673,1.0,1.0,25.580345,92.089243,7.0,52.936182,-1553.765262,0.218482,-0.035313,0.0,25.585805,-0.003832,0.0,1553.802757,-34.761602,6.282086,1.0,0.0,0.0,0.0,1642.599641,-39.693388,1021.0,1.0,142.18322,6.0,-0.864372,33.53378,120.721607,33.533775,0.017392,5.7e-05,-0.413623,-0.100903,4e-06,0.016014,0.0,0.0,0.0,0.0,0.0,0.0,-9999.0,-9999.0,-9999.0,-9999.0,-9999.0,-9999.0,-9999.0,-9999.0,-9999.0,-9999.0,-9999.0,-9999.0,-9999.0,-9999.0
P21_HV1_1_interaction,active_and_state_lat_and_long_zero_last_source_row_continuous_segment,P21,HV1,1,on_ramp,P21_HV1_1,P21_HV1.1.asc,HV1,60,initiator_active,3836,1,63933.34,63933.3377,1.0,1.0,25.583983,92.102338,7.0,53.362563,-1554.191551,0.222088,-0.045076,0.0,25.589445,-0.003418,0.0,1554.229202,-34.762145,6.282046,1.0,0.0,0.0,0.0,1643.158479,-39.700811,1021.0,1.0,142.742089,6.0,-0.868972,33.526886,120.69679,33.526882,0.017387,5.7e-05,-0.413532,-0.1009,1.7e-05,0.016014,0.0,0.0,0.0,0.0,0.0,0.0,-9999.0,-9999.0,-9999.0,-9999.0,-9999.0,-9999.0,-9999.0,-9999.0,-9999.0,-9999.0,-9999.0,-9999.0,-9999.0,-9999.0
P21_HV1_1_interaction,active_and_state_lat_and_long_zero_last_source_row_continuous_segment,P21,HV1,1,on_ramp,P21_HV1_1,P21_HV1.1.asc,HV1,60,initiator_active,3837,1,63950.0,63950.0006,1.0,1.0,25.587625,92.115452,7.0,53.789005,-1554.617901,0.215381,-0.047925,0.0,25.593104,-0.002987,0.0,1554.655707,-34.762701,6.282,1.0,0.0,0.0,0.0,1643.717202,-39.708259,1021.0,1.0,143.300842,6.0,-0.873599,33.519892,120.671612,33.519888,0.017383,5.8e-05,-0.430856,-0.100889,2.4e-05,0.016014,0.0,0.0,0.0,0.0,0.0,0.0,-9999.0,-9999.0,-9999.0,-9999.0,-9999.0,-9999.0,-9999.0,-9999.0,-9999.0,-9999.0,-9999.0,-9999.0,-9999.0,-9999.0
P21_HV1_1_interaction,active_and_state_lat_and_long_zero_last_source_row_continuous_segment,P21,HV1,1,on_ramp,P21_HV1_1,P21_HV1.1.asc,HV1,60,initiator_active,3838,1,63966.67,63966.6667,1.0,1.0,25.591296,92.128664,7.0,54.215508,-1555.044312,0.21362,-0.057798,0.0,25.596709,-0.002472,0.0,1555.082273,-34.763271,6.281947,1.0,0.0,0.0,0.0,1644.275809,-39.715734,1021.0,1.0,143.859479,6.0,-0.878252,33.512926,120.646534,33.512922,0.017378,5.8e-05,-0.413998,-0.100893,-1e-06,0.016014,0.0,0.0,0.0,0.0,0.0,0.0,-9999.0,-9999.0,-9999.0,-9999.0,-9999.0,-9999.0,-9999.0,-9999.0,-9999.0,-9999.0,-9999.0,-9999.0,-9999.0,-9999.0
P21_HV1_1_interaction,active_and_state_lat_and_long_zero_last_source_row_continuous_segment,P21,HV1,1,on_ramp,P21_HV1_1,P21_HV1.1.asc,HV1,60,initiator_active,3839,1,63983.33,63983.3341,1.0,1.0,25.594899,92.141637,7.0,54.642071,-1555.470785,0.210157,-0.062402,0.0,25.600245,-0.001948,0.0,1555.508899,-34.763857,6.281888,1.0,0.0,0.0,0.0,1644.834298,-39.723236,1021.0,1.0,144.418,6.0,-0.882933,33.506033,120.621719,33.506028,0.017373,5.7e-05,-0.413405,-0.100889,-1.9e-05,0.016014,0.0,0.0,0.0,0.0,0.0,0.0,-9999.0,-9999.0,-9999.0,-9999.0,-9999.0,-9999.0,-9999.0,-9999.0,-9999.0,-9999.0,-9999.0,-9999.0,-9999.0,-9999.0
P21_HV1_1_interaction,active_and_state_lat_and_long_zero_last_source_row_continuous_segment,P21,HV1,1,on_ramp,P21_HV1_1,P21_HV1.1.asc,HV1,60,initiator_active,3840,1,64000.0,64000.0006,1.0,1.0,25.598489,92.15456,7.0,55.068695,-1555.897317,0.214322,-0.0662,0.0,25.603748,-0.001329,0.0,1555.935584,-34.764461,6.281824,1.0,0.0,0.0,0.0,1645.392673,-39.730763,1021.0,1.0,144.976405,6.0,-0.887641,33.499144,120.596919,33.49914,0.017368,5.7e-05,-0.413229,-0.100885,-2.1e-05,0.016014,0.0,0.002198,0.0,0.0,0.0,0.0,-9999.0,-9999.0,-9999.0,-9999.0,-9999.0,-9999.0,-9999.0,-9999.0,-9999.0,-9999.0,-9999.0,-9999.0,-9999.0,-9999.0
P21_HV1_1_interaction,active_and_state_lat_and_long_zero_last_source_row_continuous_segment,P21,HV1,1,on_ramp,P21_HV1_1,P21_HV1.1.asc,HV1,60,initiator_active,3841,1,64016.67,64016.6674,1.0,1.0,25.601996,92.167186,7.0,55.495377,-1556.323909,0.211044,-0.071352,0.0,25.607313,-0.000664,0.0,1556.362327,-34.765083,6.281754,1.0,0.0,0.0,0.0,1645.981942,-39.738738,1021.0,1.0,145.565707,6.0,-0.89264,33.491585,120.569707,33.491581,0.017363,5.7e-05,-0.434032,-0.100872,-4.5e-05,0.016014,0.0,0.002198,0.0,0.0,0.0,0.0,-9999.0,-9999.0,-9999.0,-9999.0,-9999.0,-9999.0,-9999.0,-9999.0,-9999.0,-9999.0,-9999.0,-9999.0,-9999.0,-9999.0
P21_HV1_1_interaction,active_and_state_lat_and_long_zero_last_source_row_continuous_segment,P21,HV1,1,on_ramp,P21_HV1_1,P21_HV1.1.asc,HV1,60,initiator_active,3842,1,64033.33,64033.3337,1.0,1.0,25.605534,92.179923,7.0,55.922118,-1556.75056,0.229119,-0.077493,0.0,25.610858,3.1e-05,0.0,1556.78913,-34.765726,6.281679,1.0,0.0,0.0,0.0,1646.509071,-39.745898,1021.0,1.0,146.092865,6.0,-0.897138,33.484745,120.545081,33.48474,0.017358,5.5e-05,-0.434713,-0.100869,-9.3e-05,0.016014,0.0,0.0,0.0,0.0,0.0,0.0,-9999.0,-9999.0,-9999.0,-9999.0,-9999.0,-9999.0,-9999.0,-9999.0,-9999.0,-9999.0,-9999.0,-9999.0,-9999.0,-9999.0
P21_HV1_1_interaction,active_and_state_lat_and_long_zero_last_source_row_continuous_segment,P21,HV1,1,on_ramp,P21_HV1_1,P21_HV1.1.asc,HV1,60,initiator_active,3843,1,64050.0,64050.0001,1.0,1.0,25.609072,92.192658,7.0,56.348918,-1557.17727,0.215128,-0.083904,0.0,25.614657,0.000733,0.0,1557.215993,-34.766391,6.281601,1.0,0.0,0.0,0.0,1647.098088,-39.753928,1021.0,1.0,146.681915,6.0,-0.902194,33.477384,120.518583,33.47738,0.017353,5.3e-05,-0.413906,-0.100873,-0.000134,0.016014,0.0,0.0,0.0,0.0,0.0,0.0,-9999.0,-9999.0,-9999.0,-9999.0,-9999.0,-9999.0,-9999.0,-9999.0,-9999.0,-9999.0,-9999.0,-9999.0,-9999.0,-9999.0
P21_HV1_1_interaction,active_and_state_lat_and_long_zero_last_source_row_continuous_segment,P21,HV1,1,on_ramp,P21_HV1_1,P21_HV1.1.asc,HV1,60,initiator_active,3844,1,64066.67,64066.6675,1.0,1.0,25.612768,92.205964,7.0,56.775779,-1557.604041,0.216103,-0.087379,0.0,25.618233,0.001445,0.0,1557.642918,-34.767078,6.281518,1.0,0.0,0.0,0.0,1647.655984,-39.761563,1021.0,1.0,147.239843,6.0,-0.907011,33.470495,120.493782,33.47049,0.017348,5.1e-05,-0.413092,-0.100869,-0.000127,0.016014,0.0,0.0,0.0,0.0,0.0,0.0,-9999.0,-9999.0,-9999.0,-9999.0,-9999.0,-9999.0,-9999.0,-9999.0,-9999.0,-9999.0,-9999.0,-9999.0,-9999.0,-9999.0
P21_HV1_1_interaction,active_and_state_lat_and_long_zero_last_source_row_continuous_segment,P21,HV1,1,on_ramp,P21_HV1_1,P21_HV1.1.asc,HV1,60,initiator_active,3845,1,64083.33,64083.334,1.0,1.0,25.616449,92.219217,7.0,57.202702,-1558.030875,0.216831,-0.092647,0.0,25.62184,0.002154,0.0,1558.069902,-34.767791,6.281431,1.0,0.0,0.0,0.0,1648.182779,-39.768798,1021.0,1.0,147.766668,6.0,-0.911585,33.463995,120.47038,33.46399,0.017343,4.9e-05,-0.412842,-0.100866,-8e-05,0.016014,0.0,0.002198,0.0,0.0,0.0,0.0,-9999.0,-9999.0,-9999.0,-9999.0,-9999.0,-9999.0,-9999.0,-9999.0,-9999.0,-9999.0,-9999.0,-9999.0,-9999.0,-9999.0
P21_HV1_1_interaction,active_and_state_lat_and_long_zero_last_source_row_continuous_segment,P21,HV1,1,on_ramp,P21_HV1_1,P21_HV1.1.asc,HV1,60,initiator_active,3846,1,64100.0,64100.0008,1.0,1.0,25.620034,92.232122,7.0,57.629685,-1558.45777,0.215791,-0.100308,0.0,25.625486,0.002869,0.0,1558.496947,-34.768529,6.281342,1.0,0.0,0.0,0.0,1648.74045,-39.776484,1021.0,1.0,148.324371,6.0,-0.916455,33.456845,120.44464,33.45684,0.017339,4.9e-05,-0.433504,-0.100854,-4.8e-05,0.016014,0.0,0.0,0.0,0.0,0.0,0.0,-9999.0,-9999.0,-9999.0,-9999.0,-9999.0,-9999.0,-9999.0,-9999.0,-9999.0,-9999.0,-9999.0,-9999.0,-9999.0,-9999.0
P21_HV1_1_interaction,active_and_state_lat_and_long_zero_last_source_row_continuous_segment,P21,HV1,1,on_ramp,P21_HV1_1,P21_HV1.1.asc,HV1,60,initiator_active,3847,1,64116.67,64116.6669,1.0,1.0,25.623646,92.245127,7.0,58.056728,-1558.884725,0.216055,-0.106827,0.0,25.629069,0.003535,0.0,1558.924053,-34.769295,6.28125,1.0,0.0,0.0,0.0,1649.298003,-39.784196,1021.0,1.0,148.881955,6.0,-0.921351,33.449879,120.419565,33.449875,0.017334,4.8e-05,-0.413476,-0.10086,-2.7e-05,0.016014,0.0,0.0,0.0,0.0,0.0,0.0,-9999.0,-9999.0,-9999.0,-9999.0,-9999.0,-9999.0,-9999.0,-9999.0,-9999.0,-9999.0,-9999.0,-9999.0,-9999.0,-9999.0
P21_HV1_1_interaction,active_and_state_lat_and_long_zero_last_source_row_continuous_segment,P21,HV1,1,on_ramp,P21_HV1_1,P21_HV1.1.asc,HV1,60,initiator_active,3848,1,64133.33,64133.334,1.0,1.0,25.627284,92.258223,7.0,58.483832,-1559.311741,0.210726,-0.112631,0.0,25.632608,0.004166,0.0,1559.351218,-34.770091,6.281154,1.0,0.0,0.0,0.0,1649.855439,-39.791934,1021.0,1.0,149.439423,6.0,-0.926275,33.442997,120.394788,33.442992,0.017329,4.8e-05,-0.412705,-0.100856,-8e-06,0.016014,0.0,0.0,0.0,0.0,0.0,0.0,-9999.0,-9999.0,-9999.0,-9999.0,-9999.0,-9999.0,-9999.0,-9999.0,-9999.0,-9999.0,-9999.0,-9999.0,-9999.0,-9999.0
P21_HV1_1_interaction,active_and_state_lat_and_long_zero_last_source_row_continuous_segment,P21,HV1,1,on_ramp,P21_HV1_1,P21_HV1.1.asc,HV1,60,initiator_active,3849,1,64150.0,64150.0005,1.0,1.0,25.63087,92.27113,7.0,58.910996,-1559.738818,0.21295,-0.117386,0.0,25.636161,0.004799,0.0,1559.778442,-34.770918,6.281057,1.0,0.0,0.0,0.0,1650.412759,-39.799699,1021.0,1.0,149.996776,6.0,-0.931225,33.43612,120.370032,33.436116,0.017324,4.8e-05,-0.412476,-0.100853,2.7e-05,0.016014,0.0,0.002198,0.0,0.0,0.0,0.0,-9999.0,-9999.0,-9999.0,-9999.0,-9999.0,-9999.0,-9999.0,-9999.0,-9999.0,-9999.0,-9999.0,-9999.0,-9999.0,-9999.0
P21_HV1_1_interaction,active_and_state_lat_and_long_zero_last_source_row_continuous_segment,P21,HV1,1,on_ramp,P21_HV1_1,P21_HV1.1.asc,HV1,60,initiator_active,3850,1,64166.68,64166.6761,1.0,1.0,25.634364,92.283711,7.0,59.338218,-1560.165954,0.146426,-0.121228,0.0,25.639686,0.005381,0.0,1560.205725,-34.771777,6.280957,1.0,0.0,0.0,0.0,1650.969964,-39.807491,1021.0,1.0,150.554013,6.0,-0.936202,33.428976,120.344313,33.428971,0.017319,4.8e-05,-0.433155,-0.100841,3.3e-05,0.016014,0.0,0.002198,0.0,0.0,0.0,0.0,-9999.0,-9999.0,-9999.0,-9999.0,-9999.0,-9999.0,-9999.0,-9999.0,-9999.0,-9999.0,-9999.0,-9999.0,-9999.0,-9999.0
P21_HV1_1_interaction,active_and_state_lat_and_long_zero_last_source_row_continuous_segment,P21,HV1,1,on_ramp,P21_HV1_1,P21_HV1.1.asc,HV1,60,initiator_active,3851,1,64183.33,64183.3343,1.0,1.0,25.637936,92.296568,7.0,59.7655,-1560.59315,0.170055,-0.124246,0.0,25.642293,0.005967,0.0,1560.633062,-34.772669,6.280855,1.0,0.0,0.0,0.0,1651.52705,-39.815308,1021.0,1.0,151.111131,6.0,-0.941206,33.421746,120.318286,33.421742,0.017314,4.9e-05,-0.433939,-0.100837,-1e-06,0.016014,0.0,0.002198,0.0,0.0,0.0,0.0,-9999.0,-9999.0,-9999.0,-9999.0,-9999.0,-9999.0,-9999.0,-9999.0,-9999.0,-9999.0,-9999.0,-9999.0,-9999.0,-9999.0
P21_HV1_1_interaction,active_and_state_lat_and_long_zero_last_source_row_continuous_segment,P21,HV1,1,on_ramp,P21_HV1_1,P21_HV1.1.asc,HV1,60,initiator_active,3852,1,64200.0,64200.0001,1.0,1.0,25.640906,92.307263,7.0,60.192836,-1561.020401,0.216798,-0.126234,0.0,25.645298,0.006544,0.0,1561.060444,-34.773597,6.280751,1.0,0.0,0.0,0.0,1652.084016,-39.823152,1021.0,1.0,151.668129,6.0,-0.946237,33.414512,120.292242,33.414507,0.017309,4.8e-05,-0.434053,-0.100833,-6.5e-05,0.016014,0.0,0.0,0.0,0.0,0.0,0.0,-9999.0,-9999.0,-9999.0,-9999.0,-9999.0,-9999.0,-9999.0,-9999.0,-9999.0,-9999.0,-9999.0,-9999.0,-9999.0,-9999.0
P21_HV1_1_interaction,active_and_state_lat_and_long_zero_last_source_row_continuous_segment,P21,HV1,1,on_ramp,P21_HV1_1,P21_HV1.1.asc,HV1,60,initiator_active,3853,1,64216.67,64216.6675,1.0,1.0,25.64371,92.317356,7.0,60.620218,-1561.447698,0.218238,-0.130452,0.0,25.648956,0.007105,0.0,1561.487879,-34.774559,6.280646,1.0,0.0,0.0,0.0,1652.640861,-39.831022,1021.0,1.0,152.225007,6.0,-0.951295,33.407547,120.26717,33.407543,0.017304,4.6e-05,-0.413219,-0.100837,-9.7e-05,0.016014,0.0,0.0,0.0,0.0,0.0,0.0,-9999.0,-9999.0,-9999.0,-9999.0,-9999.0,-9999.0,-9999.0,-9999.0,-9999.0,-9999.0,-9999.0,-9999.0,-9999.0,-9999.0
P21_HV1_1_interaction,active_and_state_lat_and_long_zero_last_source_row_continuous_segment,P21,HV1,1,on_ramp,P21_HV1_1,P21_HV1.1.asc,HV1,60,initiator_active,3854,1,64233.33,64233.3343,1.0,1.0,25.647104,92.329574,7.0,61.047652,-1561.875048,0.212754,-0.135482,0.0,25.652559,0.007654,0.0,1561.915376,-34.775558,6.280539,1.0,0.0,0.0,0.0,1653.197589,-39.838918,1021.0,1.0,152.781768,6.0,-0.95638,33.400671,120.242416,33.400667,0.017299,4.5e-05,-0.412269,-0.100834,-7.4e-05,0.016014,0.0,0.0,0.0,0.0,0.0,0.0,-9999.0,-9999.0,-9999.0,-9999.0,-9999.0,-9999.0,-9999.0,-9999.0,-9999.0,-9999.0,-9999.0,-9999.0,-9999.0,-9999.0
P21_HV1_1_interaction,active_and_state_lat_and_long_zero_last_source_row_continuous_segment,P21,HV1,1,on_ramp,P21_HV1_1,P21_HV1.1.asc,HV1,60,initiator_active,3855,1,64250.1,64250.1018,1.0,1.0,25.650774,92.342787,7.0,61.475148,-1562.302461,0.219914,-0.136269,0.0,25.656099,0.008148,0.0,1562.342931,-34.776594,6.280432,1.0,0.0,0.0,0.0,1653.785122,-39.847282,1021.0,1.0,153.369335,6.0,-0.961776,33.393421,120.216315,33.393416,0.017294,4.4e-05,-0.411972,-0.100831,-6e-06,0.016014,0.0,0.002198,0.0,0.0,0.0,0.0,-9999.0,-9999.0,-9999.0,-9999.0,-9999.0,-9999.0,-9999.0,-9999.0,-9999.0,-9999.0,-9999.0,-9999.0,-9999.0,-9999.0
P21_HV1_1_interaction,active_and_state_lat_and_long_zero_last_source_row_continuous_segment,P21,HV1,1,on_ramp,P21_HV1_1,P21_HV1.1.asc,HV1,60,initiator_active,3856,1,64266.67,64266.6677,1.0,1.0,25.654331,92.355592,7.0,61.902704,-1562.729934,0.222689,-0.140392,0.0,25.659812,0.008614,0.0,1562.770547,-34.777668,6.280324,1.0,0.0,0.0,0.0,1654.310699,-39.85479,1021.0,1.0,153.894944,6.0,-0.96663,33.386686,120.19207,33.386682,0.01729,4.5e-05,-0.432506,-0.100819,3.3e-05,0.016014,0.0,0.0,0.0,0.0,0.0,0.0,-9999.0,-9999.0,-9999.0,-9999.0,-9999.0,-9999.0,-9999.0,-9999.0,-9999.0,-9999.0,-9999.0,-9999.0,-9999.0,-9999.0
P21_HV1_1_interaction,active_and_state_lat_and_long_zero_last_source_row_continuous_segment,P21,HV1,1,on_ramp,P21_HV1_1,P21_HV1.1.asc,HV1,60,initiator_active,3857,1,64283.33,64283.3341,1.0,1.0,25.657932,92.368554,7.0,62.330319,-1563.157468,0.218396,-0.14156,0.0,25.663495,0.00906,0.0,1563.198224,-34.778781,6.280215,1.0,0.0,0.0,0.0,1654.867079,-39.862765,1021.0,1.0,154.451357,6.0,-0.971795,33.379736,120.167049,33.379731,0.017285,4.6e-05,-0.412587,-0.100824,5.8e-05,0.016014,0.0,0.0,0.0,0.0,0.0,0.0,-9999.0,-9999.0,-9999.0,-9999.0,-9999.0,-9999.0,-9999.0,-9999.0,-9999.0,-9999.0,-9999.0,-9999.0,-9999.0,-9999.0
P21_HV1_1_interaction,active_and_state_lat_and_long_zero_last_source_row_continuous_segment,P21,HV1,1,on_ramp,P21_HV1_1,P21_HV1.1.asc,HV1,60,initiator_active,3858,1,64300.0,64300.0006,1.0,1.0,25.661668,92.382004,7.0,62.757997,-1563.585064,0.217988,-0.145631,0.0,25.667132,0.009465,0.0,1563.625962,-34.779933,6.280106,1.0,0.0,0.0,0.0,1655.454242,-39.871211,1021.0,1.0,155.038555,6.0,-0.977277,33.372487,120.140952,33.372482,0.017279,4.7e-05,-0.411815,-0.100821,7.2e-05,0.016014,0.0,0.0,0.0,0.0,0.0,0.0,-9999.0,-9999.0,-9999.0,-9999.0,-9999.0,-9999.0,-9999.0,-9999.0,-9999.0,-9999.0,-9999.0,-9999.0,-9999.0,-9999.0
P21_HV1_1_interaction,active_and_state_lat_and_long_zero_last_source_row_continuous_segment,P21,HV1,1,on_ramp,P21_HV1_1,P21_HV1.1.asc,HV1,60,initiator_active,3859,1,64316.67,64316.6667,1.0,1.0,25.665315,92.395134,7.0,63.185736,-1564.012722,0.217813,-0.150558,0.0,25.670763,0.009815,0.0,1564.053761,-34.781126,6.279997,1.0,0.0,0.0,0.0,1655.97949,-39.878794,1021.0,1.0,155.563834,6.0,-0.982207,33.366006,120.117621,33.366001,0.017275,4.8e-05,-0.411609,-0.100817,9.5e-05,0.016014,0.0,0.0,0.0,0.0,0.0,0.0,-9999.0,-9999.0,-9999.0,-9999.0,-9999.0,-9999.0,-9999.0,-9999.0,-9999.0,-9999.0,-9999.0,-9999.0,-9999.0,-9999.0
P21_HV1_1_interaction,active_and_state_lat_and_long_zero_last_source_row_continuous_segment,P21,HV1,1,on_ramp,P21_HV1_1,P21_HV1.1.asc,HV1,60,initiator_active,3860,1,64333.33,64333.3341,1.0,1.0,25.668948,92.408213,7.0,63.613535,-1564.440441,0.209723,-0.152992,0.0,25.674392,0.01012,0.0,1564.48162,-34.782361,6.279887,1.0,0.0,0.0,0.0,1656.535523,-39.886848,1021.0,1.0,156.119901,6.0,-0.987453,33.359146,120.092927,33.359142,0.01727,5e-05,-0.411479,-0.100814,0.000115,0.016014,0.0,0.0,0.0,0.0,0.0,0.0,-9999.0,-9999.0,-9999.0,-9999.0,-9999.0,-9999.0,-9999.0,-9999.0,-9999.0,-9999.0,-9999.0,-9999.0,-9999.0,-9999.0
P21_HV1_1_interaction,active_and_state_lat_and_long_zero_last_source_row_continuous_segment,P21,HV1,1,on_ramp,P21_HV1_1,P21_HV1.1.asc,HV1,60,initiator_active,3861,1,64350.0,64350.0009,1.0,1.0,25.672578,92.421281,7.0,64.041395,-1564.868222,0.21349,-0.15475,0.0,25.677869,0.010387,0.0,1564.909539,-34.783638,6.279776,1.0,0.0,0.0,0.0,1657.122322,-39.895378,1021.0,1.0,156.706736,6.0,-0.993019,33.351908,120.066868,33.351903,0.017265,5.2e-05,-0.411374,-0.10081,0.000123,0.016014,0.0,0.002198,0.0,0.0,0.0,0.0,-9999.0,-9999.0,-9999.0,-9999.0,-9999.0,-9999.0,-9999.0,-9999.0,-9999.0,-9999.0,-9999.0,-9999.0,-9999.0,-9999.0
P21_HV1_1_interaction,active_and_state_lat_and_long_zero_last_source_row_continuous_segment,P21,HV1,1,on_ramp,P21_HV1_1,P21_HV1.1.asc,HV1,60,initiator_active,3862,1,64366.67,64366.6675,1.0,1.0,25.676139,92.4341,7.0,64.469315,-1565.296064,0.213842,-0.160139,0.0,25.681456,0.010641,0.0,1565.337517,-34.784958,6.279665,1.0,0.0,0.0,0.0,1657.647244,-39.903035,1021.0,1.0,157.23169,6.0,-0.998025,33.345182,120.042654,33.345177,0.01726,5.4e-05,-0.431967,-0.100797,9.4e-05,0.016014,0.0,0.002198,0.0,0.0,0.0,0.0,-9999.0,-9999.0,-9999.0,-9999.0,-9999.0,-9999.0,-9999.0,-9999.0,-9999.0,-9999.0,-9999.0,-9999.0,-9999.0,-9999.0
P21_HV1_1_interaction,active_and_state_lat_and_long_zero_last_source_row_continuous_segment,P21,HV1,1,on_ramp,P21_HV1_1,P21_HV1.1.asc,HV1,60,initiator_active,3863,1,64383.33,64383.3341,1.0,1.0,25.679647,92.44673,7.0,64.897293,-1565.723965,0.219898,-0.161733,0.0,25.685059,0.010862,0.0,1565.765553,-34.786323,6.279553,1.0,0.0,0.0,0.0,1658.202929,-39.911167,1021.0,1.0,157.787409,6.0,-1.003351,33.338055,120.016998,33.338051,0.017255,5.5e-05,-0.416445,-0.100801,2e-05,0.016014,0.0,0.0,0.0,0.0,0.0,0.0,-9999.0,-9999.0,-9999.0,-9999.0,-9999.0,-9999.0,-9999.0,-9999.0,-9999.0,-9999.0,-9999.0,-9999.0,-9999.0,-9999.0
P21_HV1_1_interaction,active_and_state_lat_and_long_zero_last_source_row_continuous_segment,P21,HV1,1,on_ramp,P21_HV1_1,P21_HV1.1.asc,HV1,60,initiator_active,3864,1,64400.0,64400.0001,1.0,1.0,25.683237,92.459654,7.0,65.325331,-1566.151926,0.214071,-0.165958,0.0,25.688672,0.011049,0.0,1566.19365,-34.787732,6.27944,1.0,0.0,0.0,0.0,1658.758496,-39.919326,1021.0,1.0,158.343009,6.0,-1.008705,33.331181,119.992252,33.331177,0.01725,5.5e-05,-0.411603,-0.100797,-1.9e-05,0.016014,0.0,0.0,0.0,0.0,0.0,0.0,-9999.0,-9999.0,-9999.0,-9999.0,-9999.0,-9999.0,-9999.0,-9999.0,-9999.0,-9999.0,-9999.0,-9999.0,-9999.0,-9999.0
P21_HV1_1_interaction,active_and_state_lat_and_long_zero_last_source_row_continuous_segment,P21,HV1,1,on_ramp,P21_HV1_1,P21_HV1.1.asc,HV1,60,initiator_active,3865,1,64416.67,64416.6675,1.0,1.0,25.686891,92.472807,7.0,65.75343,-1566.579949,0.216731,-0.168679,0.0,25.692257,0.011228,0.0,1566.621807,-34.789187,6.279326,1.0,0.0,0.0,0.0,1659.313947,-39.927511,1021.0,1.0,158.898495,6.0,-1.014085,33.324325,119.967571,33.324321,0.017245,5.4e-05,-0.411179,-0.100793,-2.9e-05,0.016014,0.0,0.0,0.0,0.0,0.0,0.0,-9999.0,-9999.0,-9999.0,-9999.0,-9999.0,-9999.0,-9999.0,-9999.0,-9999.0,-9999.0,-9999.0,-9999.0,-9999.0,-9999.0
P21_HV1_1_interaction,active_and_state_lat_and_long_zero_last_source_row_continuous_segment,P21,HV1,1,on_ramp,P21_HV1_1,P21_HV1.1.asc,HV1,60,initiator_active,3866,1,64433.35,64433.3475,1.0,1.0,25.690455,92.48564,7.0,66.181589,-1567.008032,0.213599,-0.169042,0.0,25.695835,0.011379,0.0,1567.050024,-34.790689,6.27921,1.0,0.0,0.0,0.0,1659.869283,-39.935723,1021.0,1.0,159.453865,6.0,-1.019491,33.317473,119.942905,33.317469,0.01724,5.4e-05,-0.410992,-0.100789,-1e-05,0.016014,0.0,0.0,0.0,0.0,0.0,0.0,-9999.0,-9999.0,-9999.0,-9999.0,-9999.0,-9999.0,-9999.0,-9999.0,-9999.0,-9999.0,-9999.0,-9999.0,-9999.0,-9999.0
P21_HV1_1_interaction,active_and_state_lat_and_long_zero_last_source_row_continuous_segment,P21,HV1,1,on_ramp,P21_HV1_1,P21_HV1.1.asc,HV1,60,initiator_active,3867,1,64450.0,64450.0009,1.0,1.0,25.694063,92.498625,7.0,66.609807,-1567.436177,0.216429,-0.170415,0.0,25.699413,0.011553,0.0,1567.478299,-34.792238,6.279094,1.0,0.0,0.0,0.0,1660.424504,-39.94396,1021.0,1.0,160.009121,6.0,-1.024925,33.310624,119.918247,33.31062,0.017235,5.4e-05,-0.410873,-0.100786,1.6e-05,0.016014,0.0,0.0,0.0,0.0,0.0,0.0,-9999.0,-9999.0,-9999.0,-9999.0,-9999.0,-9999.0,-9999.0,-9999.0,-9999.0,-9999.0,-9999.0,-9999.0,-9999.0,-9999.0
P21_HV1_1_interaction,active_and_state_lat_and_long_zero_last_source_row_continuous_segment,P21,HV1,1,on_ramp,P21_HV1_1,P21_HV1.1.asc,HV1,60,initiator_active,3868,1,64466.67,64466.668,1.0,1.0,25.697614,92.511412,7.0,67.038085,-1567.864381,0.216241,-0.172846,0.0,25.703019,0.011745,0.0,1567.906635,-34.793835,6.278976,1.0,0.0,0.0,0.0,1660.979611,-39.952224,1021.0,1.0,160.564263,6.0,-1.030385,33.303777,119.893596,33.303772,0.01723,5.5e-05,-0.410778,-0.100782,3.8e-05,0.016014,0.0,0.0,0.0,0.0,0.0,0.0,-9999.0,-9999.0,-9999.0,-9999.0,-9999.0,-9999.0,-9999.0,-9999.0,-9999.0,-9999.0,-9999.0,-9999.0,-9999.0,-9999.0
P21_HV1_1_interaction,active_and_state_lat_and_long_zero_last_source_row_continuous_segment,P21,HV1,1,on_ramp,P21_HV1_1,P21_HV1.1.asc,HV1,60,initiator_active,3869,1,64483.33,64483.3344,1.0,1.0,25.701216,92.524378,7.0,67.466423,-1568.292647,0.213991,-0.175209,0.0,25.706686,0.011926,0.0,1568.33503,-34.79548,6.278857,1.0,0.0,0.0,0.0,1661.534603,-39.960514,1021.0,1.0,161.11929,6.0,-1.035873,33.29693,119.86895,33.296926,0.017225,5.5e-05,-0.41069,-0.100778,5e-05,0.016014,0.0,0.0,0.0,0.0,0.0,0.0,-9999.0,-9999.0,-9999.0,-9999.0,-9999.0,-9999.0,-9999.0,-9999.0,-9999.0,-9999.0,-9999.0,-9999.0,-9999.0,-9999.0
P21_HV1_1_interaction,active_and_state_lat_and_long_zero_last_source_row_continuous_segment,P21,HV1,1,on_ramp,P21_HV1_1,P21_HV1.1.asc,HV1,60,initiator_active,3870,1,64500.03,64500.0281,1.0,1.0,25.70482,92.537353,7.0,67.894821,-1568.720973,0.215463,-0.17742,0.0,25.710192,0.012097,0.0,1568.763486,-34.797173,6.278737,1.0,0.0,0.0,0.0,1662.089481,-39.96883,1021.0,1.0,161.674202,6.0,-1.041387,33.290086,119.844309,33.290081,0.01722,5.6e-05,-0.410605,-0.100774,5.3e-05,0.016014,0.0,0.0,0.0,0.0,0.0,0.0,-9999.0,-9999.0,-9999.0,-9999.0,-9999.0,-9999.0,-9999.0,-9999.0,-9999.0,-9999.0,-9999.0,-9999.0,-9999.0,-9999.0
P21_HV1_1_interaction,active_and_state_lat_and_long_zero_last_source_row_continuous_segment,P21,HV1,1,on_ramp,P21_HV1_1,P21_HV1.1.asc,HV1,60,initiator_active,3871,1,64516.67,64516.6673,1.0,1.0,25.708468,92.550486,7.0,68.323281,-1569.149361,0.219218,-0.176159,0.0,25.713835,0.012262,0.0,1569.192,-34.798916,6.278616,1.0,0.0,0.0,0.0,1662.644245,-39.977173,1021.0,1.0,162.229001,6.0,-1.046928,33.283243,119.819673,33.283238,0.017215,5.7e-05,-0.41052,-0.10077,4.7e-05,0.016014,0.0,0.0,0.0,0.0,0.0,0.0,-9999.0,-9999.0,-9999.0,-9999.0,-9999.0,-9999.0,-9999.0,-9999.0,-9999.0,-9999.0,-9999.0,-9999.0,-9999.0,-9999.0
P21_HV1_1_interaction,active_and_state_lat_and_long_zero_last_source_row_continuous_segment,P21,HV1,1,on_ramp,P21_HV1_1,P21_HV1.1.asc,HV1,60,initiator_active,3872,1,64533.33,64533.3342,1.0,1.0,25.711987,92.563152,7.0,68.751798,-1569.577809,0.216265,-0.178754,0.0,25.717429,0.01244,0.0,1569.620576,-34.800708,6.278494,1.0,0.0,0.0,0.0,1663.229704,-39.986007,1021.0,1.0,162.814497,6.0,-1.052805,33.276021,119.793675,33.276016,0.01721,5.8e-05,-0.41043,-0.100766,3.6e-05,0.016014,0.0,0.0,0.0,0.0,0.0,0.0,-9999.0,-9999.0,-9999.0,-9999.0,-9999.0,-9999.0,-9999.0,-9999.0,-9999.0,-9999.0,-9999.0,-9999.0,-9999.0,-9999.0
P21_HV1_1_interaction,active_and_state_lat_and_long_zero_last_source_row_continuous_segment,P21,HV1,1,on_ramp,P21_HV1_1,P21_HV1.1.asc,HV1,60,initiator_active,3873,1,64550.0,64550.0006,1.0,1.0,25.715661,92.576381,7.0,69.180377,-1570.006319,0.216664,-0.18107,0.0,25.72101,0.012602,0.0,1570.04921,-34.80255,6.278371,1.0,0.0,0.0,0.0,1663.753428,-39.993936,1021.0,1.0,163.338255,6.0,-1.058089,33.269458,119.770049,33.269454,0.017205,5.8e-05,-0.427814,-0.100753,2.4e-05,0.016014,0.0,0.0,0.0,0.0,0.0,0.0,-9999.0,-9999.0,-9999.0,-9999.0,-9999.0,-9999.0,-9999.0,-9999.0,-9999.0,-9999.0,-9999.0,-9999.0,-9999.0,-9999.0
P21_HV1_1_interaction,active_and_state_lat_and_long_zero_last_source_row_continuous_segment,P21,HV1,1,on_ramp,P21_HV1_1,P21_HV1.1.asc,HV1,60,initiator_active,3874,1,64566.68,64566.6797,1.0,1.0,25.71923,92.58923,7.0,69.609016,-1570.434889,0.218583,-0.180785,0.0,25.724661,0.012786,0.0,1570.477905,-34.804443,6.278247,1.0,0.0,0.0,0.0,1664.307846,-40.002357,1021.0,1.0,163.892709,6.0,-1.063711,33.262544,119.745158,33.262539,0.0172,5.8e-05,-0.410894,-0.100757,-1.3e-05,0.016014,0.0,0.0,0.0,0.0,0.0,0.0,-9999.0,-9999.0,-9999.0,-9999.0,-9999.0,-9999.0,-9999.0,-9999.0,-9999.0,-9999.0,-9999.0,-9999.0,-9999.0,-9999.0
P21_HV1_1_interaction,active_and_state_lat_and_long_zero_last_source_row_continuous_segment,P21,HV1,1,on_ramp,P21_HV1_1,P21_HV1.1.asc,HV1,60,initiator_active,3875,1,64583.33,64583.3343,1.0,1.0,25.722815,92.602134,7.0,70.037714,-1570.86352,0.211783,-0.183783,0.0,25.728244,0.012963,0.0,1570.906659,-34.806386,6.278121,1.0,0.0,0.0,0.0,1664.862149,-40.010805,1021.0,1.0,164.447047,6.0,-1.069358,33.255702,119.720528,33.255698,0.017195,5.8e-05,-0.410312,-0.100753,-3.9e-05,0.016014,0.0,0.0,0.0,0.0,0.0,0.0,-9999.0,-9999.0,-9999.0,-9999.0,-9999.0,-9999.0,-9999.0,-9999.0,-9999.0,-9999.0,-9999.0,-9999.0,-9999.0,-9999.0
P21_HV1_1_interaction,active_and_state_lat_and_long_zero_last_source_row_continuous_segment,P21,HV1,1,on_ramp,P21_HV1_1,P21_HV1.1.asc,HV1,60,initiator_active,3876,1,64600.0,64600.0007,1.0,1.0,25.726481,92.615333,7.0,70.466473,-1571.292213,0.293356,-0.184841,0.0,25.731792,0.013131,0.0,1571.335473,-34.808382,6.277995,1.0,0.0,0.0,0.0,1665.416338,-40.019278,1021.0,1.0,165.001271,6.0,-1.075033,33.248865,119.695913,33.24886,0.01719,5.7e-05,-0.410138,-0.100748,-4.4e-05,0.016014,0.0,0.002198,0.0,0.0,0.0,0.0,-9999.0,-9999.0,-9999.0,-9999.0,-9999.0,-9999.0,-9999.0,-9999.0,-9999.0,-9999.0,-9999.0,-9999.0,-9999.0,-9999.0
P21_HV1_1_interaction,active_and_state_lat_and_long_zero_last_source_row_continuous_segment,P21,HV1,1,on_ramp,P21_HV1_1,P21_HV1.1.asc,HV1,60,initiator_active,3877,1,64616.67,64616.6676,1.0,1.0,25.730008,92.628028,7.0,70.895292,-1571.720965,0.279605,-0.183432,0.0,25.737172,0.013318,0.0,1571.764352,-34.810428,6.277868,1.0,0.0,0.0,0.0,1665.970411,-40.027777,1021.0,1.0,165.55538,6.0,-1.080734,33.241759,119.670332,33.241754,0.017185,5.6e-05,-0.430851,-0.100735,-6.5e-05,0.016014,0.0,0.0,0.0,0.0,0.0,0.0,-9999.0,-9999.0,-9999.0,-9999.0,-9999.0,-9999.0,-9999.0,-9999.0,-9999.0,-9999.0,-9999.0,-9999.0,-9999.0,-9999.0
P21_HV1_1_interaction,active_and_state_lat_and_long_zero_last_source_row_continuous_segment,P21,HV1,1,on_ramp,P21_HV1_1,P21_HV1.1.asc,HV1,60,initiator_active,3878,1,64633.34,64633.3376,1.0,1.0,25.734236,92.643248,7.0,71.324175,-1572.149784,0.185146,-0.185124,0.0,25.741086,0.013535,0.0,1572.193319,-34.812527,6.277741,1.0,0.0,0.0,0.0,1666.524367,-40.036303,1021.0,1.0,166.109372,6.0,-1.086462,33.234838,119.645418,33.234834,0.01718,5.5e-05,-0.410803,-0.10074,-8.4e-05,0.016014,0.0,0.0,0.0,0.0,0.0,0.0,-9999.0,-9999.0,-9999.0,-9999.0,-9999.0,-9999.0,-9999.0,-9999.0,-9999.0,-9999.0,-9999.0,-9999.0,-9999.0,-9999.0
P21_HV1_1_interaction,active_and_state_lat_and_long_zero_last_source_row_continuous_segment,P21,HV1,1,on_ramp,P21_HV1_1,P21_HV1.1.asc,HV1,60,initiator_active,3879,1,64650.0,64650.0008,1.0,1.0,25.739501,92.662205,7.0,71.753147,-1572.578692,0.208375,-0.186424,0.0,25.744312,0.01373,0.0,1572.622344,-34.814678,6.277613,1.0,0.0,0.0,0.0,1667.078206,-40.044855,1021.0,1.0,166.663248,6.0,-1.092217,33.228,119.620801,33.227996,0.017175,5.3e-05,-0.410048,-0.100735,-9.1e-05,0.016014,0.0,0.002198,0.0,0.0,0.0,0.0,-9999.0,-9999.0,-9999.0,-9999.0,-9999.0,-9999.0,-9999.0,-9999.0,-9999.0,-9999.0,-9999.0,-9999.0,-9999.0,-9999.0
P21_HV1_1_interaction,active_and_state_lat_and_long_zero_last_source_row_continuous_segment,P21,HV1,1,on_ramp,P21_HV1_1,P21_HV1.1.asc,HV1,60,initiator_active,3880,1,64666.68,64666.6814,1.0,1.0,25.742628,92.67346,7.0,72.182178,-1573.00766,0.211658,-0.187495,0.0,25.747803,0.01391,0.0,1573.051425,-34.81688,6.277485,1.0,0.0,0.0,0.0,1667.63193,-40.053433,1021.0,1.0,167.217008,6.0,-1.097999,33.220897,119.59523,33.220893,0.01717,5.2e-05,-0.43065,-0.100722,-9.4e-05,0.016014,0.0,0.0,0.0,0.0,0.0,0.0,-9999.0,-9999.0,-9999.0,-9999.0,-9999.0,-9999.0,-9999.0,-9999.0,-9999.0,-9999.0,-9999.0,-9999.0,-9999.0,-9999.0
P21_HV1_1_interaction,active_and_state_lat_and_long_zero_last_source_row_continuous_segment,P21,HV1,1,on_ramp,P21_HV1_1,P21_HV1.1.asc,HV1,60,initiator_active,3881,1,64683.33,64683.3337,1.0,1.0,25.746048,92.685771,7.0,72.611264,-1573.436684,0.212298,-0.188382,0.0,25.751332,0.014076,0.0,1573.480563,-34.819134,6.277357,1.0,0.0,0.0,0.0,1668.185537,-40.062037,1021.0,1.0,167.770651,6.0,-1.103807,33.21398,119.570329,33.213976,0.017165,5e-05,-0.410564,-0.100727,-8.9e-05,0.016014,0.0,0.0,0.0,0.0,0.0,0.0,-9999.0,-9999.0,-9999.0,-9999.0,-9999.0,-9999.0,-9999.0,-9999.0,-9999.0,-9999.0,-9999.0,-9999.0,-9999.0,-9999.0
P21_HV1_1_interaction,active_and_state_lat_and_long_zero_last_source_row_continuous_segment,P21,HV1,1,on_ramp,P21_HV1_1,P21_HV1.1.asc,HV1,60,initiator_active,3882,1,64700.0,64700.0,1.0,1.0,25.749566,92.698436,7.0,73.040409,-1573.865768,0.219394,-0.190303,0.0,25.754903,0.014216,0.0,1573.90976,-34.821442,6.277229,1.0,0.0,0.0,0.0,1668.739028,-40.070667,1021.0,1.0,168.324179,6.0,-1.109642,33.207146,119.545727,33.207142,0.01716,4.9e-05,-0.409798,-0.100723,-7.4e-05,0.016014,0.0,0.0,0.0,0.0,0.0,0.0,-9999.0,-9999.0,-9999.0,-9999.0,-9999.0,-9999.0,-9999.0,-9999.0,-9999.0,-9999.0,-9999.0,-9999.0,-9999.0,-9999.0
P21_HV1_1_interaction,active_and_state_lat_and_long_zero_last_source_row_continuous_segment,P21,HV1,1,on_ramp,P21_HV1_1,P21_HV1.1.asc,HV1,60,initiator_active,3883,1,64716.67,64716.6674,1.0,1.0,25.7531,92.711162,7.0,73.469612,-1574.294911,0.212947,-0.19215,0.0,25.758529,0.014345,0.0,1574.339017,-34.823802,6.277101,1.0,0.0,0.0,0.0,1669.292404,-40.079323,1021.0,1.0,168.877591,6.0,-1.115503,33.200318,119.521145,33.200314,0.017155,4.8e-05,-0.40957,-0.100719,-3.3e-05,0.016014,0.0,0.0,0.0,0.0,0.0,0.0,-9999.0,-9999.0,-9999.0,-9999.0,-9999.0,-9999.0,-9999.0,-9999.0,-9999.0,-9999.0,-9999.0,-9999.0,-9999.0,-9999.0
P21_HV1_1_interaction,active_and_state_lat_and_long_zero_last_source_row_continuous_segment,P21,HV1,1,on_ramp,P21_HV1_1,P21_HV1.1.asc,HV1,60,initiator_active,3884,1,64733.33,64733.3338,1.0,1.0,25.75673,92.724228,7.0,73.898875,-1574.724115,0.23203,-0.193373,0.0,25.762071,0.014451,0.0,1574.768334,-34.826215,6.276973,1.0,0.0,0.0,0.0,1669.845666,-40.088005,1021.0,1.0,169.43089,6.0,-1.121392,33.193493,119.496574,33.193488,0.01715,4.8e-05,-0.40944,-0.100715,1.1e-05,0.016014,0.0,0.0,0.0,0.0,0.0,0.0,-9999.0,-9999.0,-9999.0,-9999.0,-9999.0,-9999.0,-9999.0,-9999.0,-9999.0,-9999.0,-9999.0,-9999.0,-9999.0,-9999.0
P21_HV1_1_interaction,active_and_state_lat_and_long_zero_last_source_row_continuous_segment,P21,HV1,1,on_ramp,P21_HV1_1,P21_HV1.1.asc,HV1,60,initiator_active,3885,1,64750.01,64750.0083,1.0,1.0,25.760303,92.73709,7.0,74.328199,-1575.15338,0.229856,-0.192711,0.0,25.766061,0.014544,0.0,1575.197711,-34.828683,6.276844,1.0,0.0,0.0,0.0,1670.429541,-40.097198,1021.0,1.0,170.014804,6.0,-1.127636,33.18629,119.470644,33.186286,0.017145,4.8e-05,-0.409336,-0.100711,4.7e-05,0.016014,0.0,0.002198,0.0,0.0,0.0,0.0,-9999.0,-9999.0,-9999.0,-9999.0,-9999.0,-9999.0,-9999.0,-9999.0,-9999.0,-9999.0,-9999.0,-9999.0,-9999.0,-9999.0
P21_HV1_1_interaction,active_and_state_lat_and_long_zero_last_source_row_continuous_segment,P21,HV1,1,on_ramp,P21_HV1_1,P21_HV1.1.asc,HV1,60,initiator_active,3886,1,64766.67,64766.6675,1.0,1.0,25.764004,92.750414,7.0,74.757582,-1575.582706,0.213906,-0.196101,0.0,25.769794,0.014649,0.0,1575.627153,-34.831204,6.276716,1.0,0.0,0.0,0.0,1670.951847,-40.105448,1021.0,1.0,170.537145,6.0,-1.133248,33.179595,119.446544,33.179591,0.01714,4.9e-05,-0.429944,-0.100699,4e-05,0.016014,0.0,0.002198,0.0,0.0,0.0,0.0,-9999.0,-9999.0,-9999.0,-9999.0,-9999.0,-9999.0,-9999.0,-9999.0,-9999.0,-9999.0,-9999.0,-9999.0,-9999.0,-9999.0
P21_HV1_1_interaction,active_and_state_lat_and_long_zero_last_source_row_continuous_segment,P21,HV1,1,on_ramp,P21_HV1_1,P21_HV1.1.asc,HV1,60,initiator_active,3887,1,64783.33,64783.3341,1.0,1.0,25.767976,92.764714,7.0,75.187032,-1576.0121,0.211224,-0.194896,0.0,25.773336,0.014709,0.0,1576.056657,-34.83378,6.276587,1.0,0.0,0.0,0.0,1671.504762,-40.114209,1021.0,1.0,171.090097,6.0,-1.139216,33.172503,119.421011,33.172499,0.017135,4.9e-05,-0.414373,-0.100702,-1.3e-05,0.016014,0.0,0.0,0.0,0.0,0.0,0.0,-9999.0,-9999.0,-9999.0,-9999.0,-9999.0,-9999.0,-9999.0,-9999.0,-9999.0,-9999.0,-9999.0,-9999.0,-9999.0,-9999.0
P21_HV1_1_interaction,active_and_state_lat_and_long_zero_last_source_row_continuous_segment,P21,HV1,1,on_ramp,P21_HV1_1,P21_HV1.1.asc,HV1,60,initiator_active,3888,1,64800.0,64800.0002,1.0,1.0,25.771576,92.777674,7.0,75.616543,-1576.441555,0.212178,-0.196919,0.0,25.776859,0.014765,0.0,1576.486219,-34.836411,6.276458,1.0,0.0,0.0,0.0,1672.057559,-40.122995,1021.0,1.0,171.642932,6.0,-1.145211,33.165663,119.396387,33.165659,0.01713,4.9e-05,-0.409562,-0.100699,-3.4e-05,0.016014,0.0,0.0,0.0,0.0,0.0,0.0,-9999.0,-9999.0,-9999.0,-9999.0,-9999.0,-9999.0,-9999.0,-9999.0,-9999.0,-9999.0,-9999.0,-9999.0,-9999.0,-9999.0
P21_HV1_1_interaction,active_and_state_lat_and_long_zero_last_source_row_continuous_segment,P21,HV1,1,on_ramp,P21_HV1_1,P21_HV1.1.asc,HV1,60,initiator_active,3889,1,64816.7,64816.7013,1.0,1.0,25.775095,92.790343,7.0,76.046113,-1576.871071,0.20987,-0.198475,0.0,25.780363,0.014803,0.0,1576.915839,-34.839096,6.276328,1.0,0.0,0.0,0.0,1672.640943,-40.132299,1021.0,1.0,172.226355,6.0,-1.151568,33.158462,119.370464,33.158458,0.017125,4.8e-05,-0.409129,-0.100694,-3e-05,0.016014,0.0,0.0,0.0,0.0,0.0,0.0,-9999.0,-9999.0,-9999.0,-9999.0,-9999.0,-9999.0,-9999.0,-9999.0,-9999.0,-9999.0,-9999.0,-9999.0,-9999.0,-9999.0
P21_HV1_1_interaction,active_and_state_lat_and_long_zero_last_source_row_continuous_segment,P21,HV1,1,on_ramp,P21_HV1_1,P21_HV1.1.asc,HV1,60,initiator_active,3890,1,64833.35,64833.348,1.0,1.0,25.778626,92.803053,7.0,76.475742,-1577.300646,0.214358,-0.200782,0.0,25.783849,0.014862,0.0,1577.345518,-34.841838,6.276197,1.0,0.0,0.0,0.0,1673.16281,-40.140647,1021.0,1.0,172.748257,6.0,-1.157281,33.152023,119.347284,33.152019,0.01712,4.8e-05,-0.408958,-0.100691,-3e-06,0.016014,0.0,0.0,0.0,0.0,0.0,0.0,-9999.0,-9999.0,-9999.0,-9999.0,-9999.0,-9999.0,-9999.0,-9999.0,-9999.0,-9999.0,-9999.0,-9999.0,-9999.0,-9999.0
P21_HV1_1_interaction,active_and_state_lat_and_long_zero_last_source_row_continuous_segment,P21,HV1,1,on_ramp,P21_HV1_1,P21_HV1.1.asc,HV1,60,initiator_active,3891,1,64850.0,64850.0011,1.0,1.0,25.782111,92.815601,7.0,76.905428,-1577.73028,0.213374,-0.199161,0.0,25.787467,0.014903,0.0,1577.775254,-34.844635,6.276066,1.0,0.0,0.0,0.0,1673.715264,-40.149512,1021.0,1.0,173.300749,6.0,-1.163356,33.145208,119.322749,33.145204,0.017115,4.8e-05,-0.408841,-0.100687,2.9e-05,0.016014,0.0,0.0,0.0,0.0,0.0,0.0,-9999.0,-9999.0,-9999.0,-9999.0,-9999.0,-9999.0,-9999.0,-9999.0,-9999.0,-9999.0,-9999.0,-9999.0,-9999.0,-9999.0
P21_HV1_1_interaction,active_and_state_lat_and_long_zero_last_source_row_continuous_segment,P21,HV1,1,on_ramp,P21_HV1_1,P21_HV1.1.asc,HV1,60,initiator_active,3892,1,64866.67,64866.6677,1.0,1.0,25.785635,92.828284,7.0,77.335173,-1578.159973,0.213208,-0.1988,0.0,25.791005,0.01498,0.0,1578.20505,-34.847488,6.275935,1.0,0.0,0.0,0.0,1674.298286,-40.158897,1021.0,1.0,173.883811,6.0,-1.169797,33.138016,119.296857,33.138011,0.01711,4.9e-05,-0.408742,-0.100683,5.5e-05,0.016014,0.0,0.0,0.0,0.0,0.0,0.0,-9999.0,-9999.0,-9999.0,-9999.0,-9999.0,-9999.0,-9999.0,-9999.0,-9999.0,-9999.0,-9999.0,-9999.0,-9999.0,-9999.0
P21_HV1_1_interaction,active_and_state_lat_and_long_zero_last_source_row_continuous_segment,P21,HV1,1,on_ramp,P21_HV1_1,P21_HV1.1.asc,HV1,60,initiator_active,3893,1,64883.33,64883.3345,1.0,1.0,25.789245,92.841281,7.0,77.764978,-1578.589728,0.208137,-0.199129,0.0,25.794496,0.015071,0.0,1578.634905,-34.850397,6.275803,1.0,0.0,0.0,0.0,1674.819829,-40.16732,1021.0,1.0,174.405391,6.0,-1.175586,33.131582,119.273695,33.131578,0.017138,5e-05,-0.408652,-0.096083,6.8e-05,0.013973,0.0,0.0,0.0,0.0,0.0,0.0,-9999.0,-9999.0,-9999.0,-9999.0,-9999.0,-9999.0,-9999.0,-9999.0,-9999.0,-9999.0,-9999.0,-9999.0,-9999.0,-9999.0
P21_HV1_1_interaction,active_and_state_lat_and_long_zero_last_source_row_continuous_segment,P21,HV1,1,on_ramp,P21_HV1_1,P21_HV1.1.asc,HV1,60,initiator_active,3894,1,64900.01,64900.0139,1.0,1.0,25.792781,92.854012,7.0,78.194843,-1579.019542,0.210673,-0.199676,0.0,25.798006,0.015163,0.0,1579.064817,-34.853362,6.27567,1.0,0.0,0.0,0.0,1675.371941,-40.176262,1021.0,1.0,174.957541,6.0,-1.18174,33.124772,119.249177,33.124767,0.017229,5.1e-05,-0.408555,-0.088476,6.6e-05,0.010833,0.0,0.002198,0.0,0.0,0.0,0.0,-9999.0,-9999.0,-9999.0,-9999.0,-9999.0,-9999.0,-9999.0,-9999.0,-9999.0,-9999.0,-9999.0,-9999.0,-9999.0,-9999.0
P21_HV1_1_interaction,active_and_state_lat_and_long_zero_last_source_row_continuous_segment,P21,HV1,1,on_ramp,P21_HV1_1,P21_HV1.1.asc,HV1,60,initiator_active,3895,1,64916.67,64916.6675,1.0,1.0,25.79623,92.866428,7.0,78.624764,-1579.449415,0.226207,-0.197862,0.0,25.801526,0.015281,0.0,1579.494788,-34.856382,6.275538,1.0,0.0,0.0,0.0,1675.923939,-40.185229,1021.0,1.0,175.509577,6.0,-1.187919,33.117692,119.22369,33.117687,0.017456,5.2e-05,-0.429285,-0.068348,7e-06,0.002512,0.0,0.0,0.0,0.0,0.0,0.0,-9999.0,-9999.0,-9999.0,-9999.0,-9999.0,-9999.0,-9999.0,-9999.0,-9999.0,-9999.0,-9999.0,-9999.0,-9999.0,-9999.0
P21_HV1_1_interaction,active_and_state_lat_and_long_zero_last_source_row_continuous_segment,P21,HV1,1,on_ramp,P21_HV1_1,P21_HV1.1.asc,HV1,60,initiator_active,3896,1,64933.34,64933.342,1.0,1.0,25.799761,92.879139,7.0,79.054745,-1579.879347,0.216488,-0.196064,0.0,25.805275,0.015392,0.0,1579.924818,-34.859458,6.275406,1.0,0.0,0.0,0.0,1676.506476,-40.194718,1021.0,1.0,176.092154,6.0,-1.194466,33.110419,119.197509,33.110414,0.017942,5.2e-05,-0.409121,-0.037381,-7.1e-05,-0.010205,0.0,0.0,0.0,0.0,0.0,0.0,-9999.0,-9999.0,-9999.0,-9999.0,-9999.0,-9999.0,-9999.0,-9999.0,-9999.0,-9999.0,-9999.0,-9999.0,-9999.0,-9999.0
P21_HV1_1_interaction,active_and_state_lat_and_long_zero_last_source_row_continuous_segment,P21,HV1,1,on_ramp,P21_HV1_1,P21_HV1.1.asc,HV1,60,initiator_active,3897,1,64950.0,64950.0008,1.0,1.0,25.80341,92.892275,7.0,79.484785,-1580.309341,0.222137,-0.19852,0.0,25.808865,0.015521,0.0,1580.354909,-34.86259,6.275273,1.0,0.0,0.0,0.0,1677.027584,-40.203225,1021.0,1.0,176.613299,6.0,-1.200341,33.103987,119.174351,33.103981,0.018619,5e-05,-0.408525,0.007966,-0.000172,-0.029045,0.0,0.0,0.0,0.0,0.0,0.0,-9999.0,-9999.0,-9999.0,-9999.0,-9999.0,-9999.0,-9999.0,-9999.0,-9999.0,-9999.0,-9999.0,-9999.0,-9999.0,-9999.0
P21_HV1_1_interaction,active_and_state_lat_and_long_zero_last_source_row_continuous_segment,P21,HV1,1,on_ramp,P21_HV1_1,P21_HV1.1.asc,HV1,60,initiator_active,3898,1,64966.67,64966.6675,1.0,1.0,25.807078,92.90548,7.0,79.914886,-1580.739396,0.21643,-0.19406,0.0,25.812517,0.015633,0.0,1580.78506,-34.865776,6.275142,1.0,0.0,0.0,0.0,1677.579235,-40.212242,1021.0,1.0,177.164988,6.0,-1.206572,33.09718,119.149847,33.097174,0.019555,4.7e-05,-0.408455,0.062686,-0.000243,-0.051496,0.0,0.0,0.0,0.0,0.0,0.0,-9999.0,-9999.0,-9999.0,-9999.0,-9999.0,-9999.0,-9999.0,-9999.0,-9999.0,-9999.0,-9999.0,-9999.0,-9999.0,-9999.0
P21_HV1_1_interaction,active_and_state_lat_and_long_zero_last_source_row_continuous_segment,P21,HV1,1,on_ramp,P21_HV1_1,P21_HV1.1.asc,HV1,60,initiator_active,3899,1,64983.33,64983.3337,1.0,1.0,25.810715,92.918574,7.0,80.345048,-1581.169513,0.217828,-0.193764,0.0,25.816158,0.015763,0.0,1581.215272,-34.869017,6.275011,1.0,0.0,0.0,0.0,1678.130772,-40.22126,1021.0,1.0,177.716564,6.0,-1.212805,33.090374,119.125347,33.090368,0.020196,4.4e-05,-0.408335,0.062805,-0.000222,-0.051496,0.0,0.0,0.0,0.0,0.0,0.0,-9999.0,-9999.0,-9999.0,-9999.0,-9999.0,-9999.0,-9999.0,-9999.0,-9999.0,-9999.0,-9999.0,-9999.0,-9999.0,-9999.0
P21_HV1_1_interaction,active_and_state_lat_and_long_zero_last_source_row_continuous_segment,P21,HV1,1,on_ramp,P21_HV1_1,P21_HV1.1.asc,HV1,60,initiator_active,3900,1,65000.0,65000.0009,1.0,1.0,25.81432,92.931551,7.0,80.77527,-1581.599691,0.214299,-0.193205,0.0,25.819763,0.015914,0.0,1581.645543,-34.872313,6.274881,1.0,0.0,0.0,0.0,1678.682196,-40.230271,1021.0,1.0,178.268026,6.0,-1.219031,33.083565,119.100835,33.083559,0.021082,4e-05,-0.408965,0.18987,-0.000299,-0.102207,0.0,0.0,0.0,0.0,0.0,0.0,-9999.0,-9999.0,-9999.0,-9999.0,-9999.0,-9999.0,-9999.0,-9999.0,-9999.0,-9999.0,-9999.0,-9999.0,-9999.0,-9999.0
P21_HV1_1_interaction,active_and_state_lat_and_long_zero_last_source_row_continuous_segment,P21,HV1,1,on_ramp,P21_HV1_1,P21_HV1.1.asc,HV1,60,initiator_active,3901,1,65016.67,65016.6694,1.0,1.0,25.817973,92.944702,7.0,81.205553,-1582.029931,0.222265,-0.186758,0.0,25.823332,0.016025,0.0,1582.075874,-34.875662,6.274753,1.0,0.0,0.0,0.0,1679.264132,-40.23976,1021.0,1.0,178.850002,6.0,-1.225581,33.076373,119.074944,33.076366,0.021328,3.5e-05,-0.408903,0.192282,-0.000379,-0.102207,0.0,0.0,0.0,0.0,0.0,0.0,-9999.0,-9999.0,-9999.0,-9999.0,-9999.0,-9999.0,-9999.0,-9999.0,-9999.0,-9999.0,-9999.0,-9999.0,-9999.0,-9999.0
P21_HV1_1_interaction,active_and_state_lat_and_long_zero_last_source_row_continuous_segment,P21,HV1,1,on_ramp,P21_HV1_1,P21_HV1.1.asc,HV1,60,initiator_active,3902,1,65033.33,65033.3343,1.0,1.0,25.821548,92.957571,7.0,81.635896,-1582.460231,0.211554,-0.186021,0.0,25.82702,0.016184,0.0,1582.506265,-34.879065,6.274626,1.0,0.0,0.0,0.0,1679.784705,-40.248219,1021.0,1.0,179.370611,6.0,-1.231412,33.069933,119.051757,33.069926,0.02104,2.9e-05,-0.409633,0.283668,-0.000408,-0.136747,0.0,0.0,0.0,0.0,0.0,0.0,-9999.0,-9999.0,-9999.0,-9999.0,-9999.0,-9999.0,-9999.0,-9999.0,-9999.0,-9999.0,-9999.0,-9999.0,-9999.0,-9999.0
P21_HV1_1_interaction,active_and_state_lat_and_long_zero_last_source_row_continuous_segment,P21,HV1,1,on_ramp,P21_HV1_1,P21_HV1.1.asc,HV1,60,initiator_active,3903,1,65050.0,65050.0007,1.0,1.0,25.825184,92.970661,7.0,82.066298,-1582.890593,0.112108,-0.177534,0.0,25.830509,0.016326,0.0,1582.936716,-34.882519,6.274502,1.0,0.0,0.0,0.0,1680.335789,-40.257132,1021.0,1.0,179.921734,6.0,-1.237541,33.063108,119.027187,33.063102,0.019644,2e-05,-0.409905,0.323238,-0.000562,-0.149778,0.0,0.0,0.0,0.0,0.0,0.0,-9999.0,-9999.0,-9999.0,-9999.0,-9999.0,-9999.0,-9999.0,-9999.0,-9999.0,-9999.0,-9999.0,-9999.0,-9999.0,-9999.0
P21_HV1_1_interaction,active_and_state_lat_and_long_zero_last_source_row_continuous_segment,P21,HV1,1,on_ramp,P21_HV1_1,P21_HV1.1.asc,HV1,60,initiator_active,3904,1,65066.67,65066.6673,1.0,1.0,25.828782,92.983613,7.0,82.496761,-1583.321015,0.25913,-0.172962,0.0,25.832575,0.016516,0.0,1583.367218,-34.886024,6.27438,1.0,0.0,0.0,0.0,1680.886761,-40.265988,1021.0,1.0,180.472744,6.0,-1.243615,33.056278,119.002601,33.056274,0.016952,8e-06,-0.410083,0.354764,-0.000789,-0.157628,0.0,0.002198,0.0,0.0,0.0,0.0,-9999.0,-9999.0,-9999.0,-9999.0,-9999.0,-9999.0,-9999.0,-9999.0,-9999.0,-9999.0,-9999.0,-9999.0,-9999.0,-9999.0
P21_HV1_1_interaction,active_and_state_lat_and_long_zero_last_source_row_continuous_segment,P21,HV1,1,on_ramp,P21_HV1_1,P21_HV1.1.asc,HV1,60,initiator_active,3905,1,65083.33,65083.3341,1.0,1.0,25.831442,92.993191,7.0,82.927275,-1583.75149,0.224436,-0.164752,0.0,25.836924,0.01669,0.0,1583.797764,-34.889576,6.274263,1.0,0.0,0.0,0.0,1681.43762,-40.274778,1021.0,1.0,181.02364,6.0,-1.249622,33.049175,118.97703,33.049173,0.012808,-7e-06,-0.430945,0.376606,-0.001044,-0.159983,0.0,0.0,0.0,0.0,0.0,0.0,-9999.0,-9999.0,-9999.0,-9999.0,-9999.0,-9999.0,-9999.0,-9999.0,-9999.0,-9999.0,-9999.0,-9999.0,-9999.0,-9999.0
P21_HV1_1_interaction,active_and_state_lat_and_long_zero_last_source_row_continuous_segment,P21,HV1,1,on_ramp,P21_HV1_1,P21_HV1.1.asc,HV1,60,initiator_active,3906,1,65100.0,65100.0006,1.0,1.0,25.834733,93.00504,7.0,83.357833,-1584.18201,0.215733,-0.154873,0.0,25.840552,0.01687,0.0,1584.22838,-34.893176,6.274151,1.0,0.0,0.0,0.0,1681.988363,-40.283492,1021.0,1.0,181.574419,6.0,-1.255555,33.042256,118.952123,33.042256,0.007145,-2.7e-05,-0.410861,0.393157,-0.00124,-0.157628,0.0,0.0,0.0,0.0,0.0,0.0,-9999.0,-9999.0,-9999.0,-9999.0,-9999.0,-9999.0,-9999.0,-9999.0,-9999.0,-9999.0,-9999.0,-9999.0,-9999.0,-9999.0
P21_HV1_1_interaction,active_and_state_lat_and_long_zero_last_source_row_continuous_segment,P21,HV1,1,on_ramp,P21_HV1_1,P21_HV1.1.asc,HV1,60,initiator_active,3907,1,65116.68,65116.68,1.0,1.0,25.838794,93.019658,7.0,83.788462,-1584.6126,0.215606,-0.144212,0.0,25.844159,0.017068,0.0,1584.659055,-34.896819,6.274044,1.0,0.0,0.0,0.0,1682.538991,-40.292124,1021.0,1.0,182.125084,6.0,-1.261406,33.035419,118.927509,33.035419,3.7e-05,-4.9e-05,-0.41001,0.40559,-0.001341,-0.152918,0.0,0.0,0.0,0.0,0.0,0.0,-9999.0,-9999.0,-9999.0,-9999.0,-9999.0,-9999.0,-9999.0,-9999.0,-9999.0,-9999.0,-9999.0,-9999.0,-9999.0,-9999.0
P21_HV1_1_interaction,active_and_state_lat_and_long_zero_last_source_row_continuous_segment,P21,HV1,1,on_ramp,P21_HV1_1,P21_HV1.1.asc,HV1,60,initiator_active,3908,1,65133.33,65133.3343,1.0,1.0,25.842349,93.032455,7.0,84.21915,-1585.043251,0.212076,-0.133747,0.0,25.847714,0.017253,0.0,1585.08979,-34.900503,6.273944,1.0,0.0,0.0,0.0,1683.089507,-40.300666,1021.0,1.0,182.675636,6.0,-1.267168,33.028588,118.902917,33.028587,-0.008384,-7.1e-05,-0.409636,0.417315,-0.0013,-0.146481,0.0,0.002198,0.0,0.0,0.0,0.0,-9999.0,-9999.0,-9999.0,-9999.0,-9999.0,-9999.0,-9999.0,-9999.0,-9999.0,-9999.0,-9999.0,-9999.0,-9999.0,-9999.0
P21_HV1_1_interaction,active_and_state_lat_and_long_zero_last_source_row_continuous_segment,P21,HV1,1,on_ramp,P21_HV1_1,P21_HV1.1.asc,HV1,60,initiator_active,3909,1,65150.0,65150.0004,1.0,1.0,25.845955,93.045438,7.0,84.649898,-1585.473963,0.215163,-0.123243,0.0,25.851268,0.017411,0.0,1585.520584,-34.904226,6.273853,1.0,0.0,0.0,0.0,1683.639909,-40.309112,1021.0,1.0,183.226074,6.0,-1.272834,33.021488,118.877357,33.021483,-0.017814,-9.1e-05,-0.430387,0.447982,-0.001136,-0.146481,0.0,0.002198,0.0,0.0,0.0,0.0,-9999.0,-9999.0,-9999.0,-9999.0,-9999.0,-9999.0,-9999.0,-9999.0,-9999.0,-9999.0,-9999.0,-9999.0,-9999.0,-9999.0
P21_HV1_1_interaction,active_and_state_lat_and_long_zero_last_source_row_continuous_segment,P21,HV1,1,on_ramp,P21_HV1_1,P21_HV1.1.asc,HV1,60,initiator_active,3910,1,65166.67,65166.6675,1.0,1.0,25.849481,93.05813,7.0,85.080705,-1585.904734,0.221042,-0.116608,0.0,25.854918,0.017503,0.0,1585.951437,-34.907983,6.27377,1.0,0.0,0.0,0.0,1684.190196,-40.317454,1021.0,1.0,183.776396,6.0,-1.278397,33.014406,118.851862,33.014394,-0.028183,-0.000108,-0.413348,0.451471,-0.00097,-0.134549,0.0,0.0,0.0,0.0,0.0,0.0,-9999.0,-9999.0,-9999.0,-9999.0,-9999.0,-9999.0,-9999.0,-9999.0,-9999.0,-9999.0,-9999.0,-9999.0,-9999.0,-9999.0
P21_HV1_1_interaction,active_and_state_lat_and_long_zero_last_source_row_continuous_segment,P21,HV1,1,on_ramp,P21_HV1_1,P21_HV1.1.asc,HV1,60,initiator_active,3911,1,65183.33,65183.3343,1.0,1.0,25.85306,93.071017,7.0,85.511572,-1586.335566,0.214528,-0.106943,0.0,25.858559,0.017473,0.0,1586.38235,-34.911771,6.273698,1.0,0.0,0.0,0.0,1684.770928,-40.326139,1021.0,1.0,184.357165,6.0,-1.28415,33.007182,118.825855,33.007158,-0.039702,-0.000122,-0.4095,0.483814,-0.000674,-0.132508,0.0,0.0,0.0,0.0,0.0,0.0,-9999.0,-9999.0,-9999.0,-9999.0,-9999.0,-9999.0,-9999.0,-9999.0,-9999.0,-9999.0,-9999.0,-9999.0,-9999.0,-9999.0
P21_HV1_1_interaction,active_and_state_lat_and_long_zero_last_source_row_continuous_segment,P21,HV1,1,on_ramp,P21_HV1_1,P21_HV1.1.asc,HV1,60,initiator_active,3912,1,65200.0,65200.0008,1.0,1.0,25.85676,93.084335,7.0,85.942499,-1586.766458,0.214192,-0.100376,0.0,25.86213,0.017313,0.0,1586.813324,-34.91559,6.273636,1.0,0.0,0.0,0.0,1685.290425,-40.333796,1021.0,1.0,184.876693,6.0,-1.289184,33.000728,118.802623,33.00069,-0.050226,-0.00013,-0.409235,0.518969,-0.000363,-0.133764,0.0,0.0,0.0,0.0,0.0,0.0,-9999.0,-9999.0,-9999.0,-9999.0,-9999.0,-9999.0,-9999.0,-9999.0,-9999.0,-9999.0,-9999.0,-9999.0,-9999.0,-9999.0
P21_HV1_1_interaction,active_and_state_lat_and_long_zero_last_source_row_continuous_segment,P21,HV1,1,on_ramp,P21_HV1_1,P21_HV1.1.asc,HV1,60,initiator_active,3913,1,65216.68,65216.6772,1.0,1.0,25.860346,93.097245,7.0,86.373487,-1587.197412,0.2043,-0.092323,0.0,25.865634,0.017034,0.0,1587.244357,-34.919436,6.273584,1.0,0.0,0.0,0.0,1685.840371,-40.341778,1021.0,1.0,185.426673,6.0,-1.294388,32.993893,118.778016,32.993836,-0.061412,-0.000132,-0.409227,0.562044,-2e-05,-0.136276,0.0,0.0,0.0,0.0,0.0,0.0,-9999.0,-9999.0,-9999.0,-9999.0,-9999.0,-9999.0,-9999.0,-9999.0,-9999.0,-9999.0,-9999.0,-9999.0,-9999.0,-9999.0
P21_HV1_1_interaction,active_and_state_lat_and_long_zero_last_source_row_continuous_segment,P21,HV1,1,on_ramp,P21_HV1_1,P21_HV1.1.asc,HV1,60,initiator_active,3914,1,65233.33,65233.3339,1.0,1.0,25.863915,93.110094,7.0,86.804534,-1587.628425,0.209983,-0.081734,0.0,25.869088,0.016613,0.0,1587.675448,-34.923306,6.273543,1.0,0.0,0.0,0.0,1686.390205,-40.349618,1021.0,1.0,185.97654,6.0,-1.299451,32.987053,118.753391,32.986973,-0.072547,-0.00013,-0.409277,0.603488,0.000263,-0.13816,0.0,0.0,0.0,0.0,0.0,0.0,-9999.0,-9999.0,-9999.0,-9999.0,-9999.0,-9999.0,-9999.0,-9999.0,-9999.0,-9999.0,-9999.0,-9999.0,-9999.0,-9999.0
P21_HV1_1_interaction,active_and_state_lat_and_long_zero_last_source_row_continuous_segment,P21,HV1,1,on_ramp,P21_HV1_1,P21_HV1.1.asc,HV1,60,initiator_active,3915,1,65250.0,65250.0009,1.0,1.0,25.867336,93.12241,7.0,87.235638,-1588.059497,0.211154,-0.071535,0.0,25.872568,0.016086,0.0,1588.106596,-34.927199,6.273512,1.0,0.0,0.0,0.0,1686.939928,-40.357303,1021.0,1.0,186.526294,6.0,-1.304361,32.980207,118.728744,32.980101,-0.083615,-0.000123,-0.409327,0.643063,0.000458,-0.139416,0.0,0.0,0.0,0.0,0.0,0.0,-9999.0,-9999.0,-9999.0,-9999.0,-9999.0,-9999.0,-9999.0,-9999.0,-9999.0,-9999.0,-9999.0,-9999.0,-9999.0,-9999.0
P21_HV1_1_interaction,active_and_state_lat_and_long_zero_last_source_row_continuous_segment,P21,HV1,1,on_ramp,P21_HV1_1,P21_HV1.1.asc,HV1,60,initiator_active,3916,1,65266.67,65266.6677,1.0,1.0,25.870837,93.135014,7.0,87.666801,-1588.490626,0.214575,-0.061591,0.0,25.876111,0.015452,0.0,1588.537802,-34.931111,6.273492,1.0,0.0,0.0,0.0,1687.489539,-40.364823,1021.0,1.0,187.075936,6.0,-1.309105,32.973355,118.704077,32.973219,-0.094599,-0.000115,-0.409353,0.679939,0.000554,-0.13973,0.0,0.002198,0.0,0.0,0.0,0.0,-9999.0,-9999.0,-9999.0,-9999.0,-9999.0,-9999.0,-9999.0,-9999.0,-9999.0,-9999.0,-9999.0,-9999.0,-9999.0,-9999.0
P21_HV1_1_interaction,active_and_state_lat_and_long_zero_last_source_row_continuous_segment,P21,HV1,1,on_ramp,P21_HV1_1,P21_HV1.1.asc,HV1,60,initiator_active,3917,1,65283.33,65283.3334,1.0,1.0,25.874328,93.147579,7.0,88.098021,-1588.921814,0.211264,-0.051145,0.0,25.879654,0.01474,0.0,1588.969068,-34.93504,6.273482,1.0,0.0,0.0,0.0,1688.039038,-40.372166,1021.0,1.0,187.625465,6.0,-1.313672,32.966225,118.678411,32.966057,-0.105461,-0.000105,-0.430233,0.71712,0.000546,-0.140358,0.0,0.0,0.0,0.0,0.0,0.0,-9999.0,-9999.0,-9999.0,-9999.0,-9999.0,-9999.0,-9999.0,-9999.0,-9999.0,-9999.0,-9999.0,-9999.0,-9999.0,-9999.0
P21_HV1_1_interaction,active_and_state_lat_and_long_zero_last_source_row_continuous_segment,P21,HV1,1,on_ramp,P21_HV1_1,P21_HV1.1.asc,HV1,60,initiator_active,3918,1,65300.0,65300.0008,1.0,1.0,25.877899,93.160438,7.0,88.529301,-1589.353062,0.217956,-0.039908,0.0,25.883194,0.013947,0.0,1589.400392,-34.938984,6.273481,1.0,0.0,0.0,0.0,1688.588422,-40.37932,1021.0,1.0,188.174878,6.0,-1.318052,32.959274,118.653387,32.95907,-0.116152,-9.7e-05,-0.410255,0.752391,0.000478,-0.140358,0.0,0.0,0.0,0.0,0.0,0.0,-9999.0,-9999.0,-9999.0,-9999.0,-9999.0,-9999.0,-9999.0,-9999.0,-9999.0,-9999.0,-9999.0,-9999.0,-9999.0,-9999.0
P21_HV1_1_interaction,active_and_state_lat_and_long_zero_last_source_row_continuous_segment,P21,HV1,1,on_ramp,P21_HV1_1,P21_HV1.1.asc,HV1,60,initiator_active,3919,1,65316.67,65316.6675,1.0,1.0,25.881414,93.173091,7.0,88.960639,-1589.784368,0.21134,-0.022559,0.0,25.886785,0.01312,0.0,1589.831775,-34.942938,6.273491,1.0,0.0,0.0,0.0,1689.137692,-40.386274,1021.0,1.0,188.724176,6.0,-1.322232,32.952397,118.62863,32.952154,-0.126617,-9e-05,-0.409642,0.788925,0.000399,-0.141143,0.0,0.0,0.0,0.0,0.0,0.0,-9999.0,-9999.0,-9999.0,-9999.0,-9999.0,-9999.0,-9999.0,-9999.0,-9999.0,-9999.0,-9999.0,-9999.0,-9999.0,-9999.0
P21_HV1_1_interaction,active_and_state_lat_and_long_zero_last_source_row_continuous_segment,P21,HV1,1,on_ramp,P21_HV1_1,P21_HV1.1.asc,HV1,60,initiator_active,3920,1,65333.33,65333.334,1.0,1.0,25.88501,93.186037,7.0,89.392037,-1590.215735,0.213477,-0.008743,0.0,25.890322,0.012296,0.0,1590.263218,-34.9469,6.273511,1.0,0.0,0.0,0.0,1689.68685,-40.393019,1021.0,1.0,189.273362,6.0,-1.326203,32.945517,118.603863,32.945233,-0.136835,-8.4e-05,-0.409517,0.822691,0.000346,-0.140986,0.0,0.0,0.0,0.0,0.0,0.0,-9999.0,-9999.0,-9999.0,-9999.0,-9999.0,-9999.0,-9999.0,-9999.0,-9999.0,-9999.0,-9999.0,-9999.0,-9999.0,-9999.0
P21_HV1_1_interaction,active_and_state_lat_and_long_zero_last_source_row_continuous_segment,P21,HV1,1,on_ramp,P21_HV1_1,P21_HV1.1.asc,HV1,60,initiator_active,3921,1,65350.0,65350.0001,1.0,1.0,25.888547,93.198768,7.0,89.823495,-1590.64716,0.213415,0.008515,0.0,25.893881,0.011459,0.0,1590.69472,-34.950863,6.27354,1.0,0.0,0.0,0.0,1690.235896,-40.399542,1021.0,1.0,189.822434,6.0,-1.329955,32.938632,118.579077,32.938305,-0.146773,-7.8e-05,-0.409481,0.855583,0.000312,-0.140201,0.0,0.0,0.0,0.0,0.0,0.0,-9999.0,-9999.0,-9999.0,-9999.0,-9999.0,-9999.0,-9999.0,-9999.0,-9999.0,-9999.0,-9999.0,-9999.0,-9999.0,-9999.0
P21_HV1_1_interaction,active_and_state_lat_and_long_zero_last_source_row_continuous_segment,P21,HV1,1,on_ramp,P21_HV1_1,P21_HV1.1.asc,HV1,60,initiator_active,3922,1,65366.68,65366.6776,1.0,1.0,25.892102,93.211566,7.0,90.255011,-1591.078645,0.218198,0.026361,0.0,25.897536,0.010652,0.0,1591.126281,-34.954826,6.273581,1.0,0.0,0.0,0.0,1690.784831,-40.405836,1021.0,1.0,190.371393,6.0,-1.333476,32.931741,118.554268,32.93137,-0.156411,-7.3e-05,-0.409434,0.884594,0.000287,-0.138945,0.0,0.0,0.0,0.0,0.0,0.0,-9999.0,-9999.0,-9999.0,-9999.0,-9999.0,-9999.0,-9999.0,-9999.0,-9999.0,-9999.0,-9999.0,-9999.0,-9999.0,-9999.0
P21_HV1_1_interaction,active_and_state_lat_and_long_zero_last_source_row_continuous_segment,P21,HV1,1,on_ramp,P21_HV1_1,P21_HV1.1.asc,HV1,60,initiator_active,3923,1,65383.33,65383.3344,1.0,1.0,25.89566,93.224374,7.0,90.686586,-1591.510189,0.208156,0.045922,0.0,25.901118,0.009835,0.0,1591.557903,-34.95878,6.273633,1.0,0.0,0.0,0.0,1691.333653,-40.41189,1021.0,1.0,190.920239,6.0,-1.336758,32.924844,118.52944,32.924427,-0.165745,-6.9e-05,-0.409375,0.911913,0.000279,-0.137532,0.0,0.0,0.0,0.0,0.0,0.0,-9999.0,-9999.0,-9999.0,-9999.0,-9999.0,-9999.0,-9999.0,-9999.0,-9999.0,-9999.0,-9999.0,-9999.0,-9999.0,-9999.0
P21_HV1_1_interaction,active_and_state_lat_and_long_zero_last_source_row_continuous_segment,P21,HV1,1,on_ramp,P21_HV1_1,P21_HV1.1.asc,HV1,60,initiator_active,3924,1,65400.0,65400.0002,1.0,1.0,25.899354,93.237675,7.0,91.118223,-1591.941794,0.209061,0.064558,0.0,25.904565,0.00899,0.0,1591.989585,-34.962723,6.273698,1.0,0.0,0.0,0.0,1691.882363,-40.417695,1021.0,1.0,191.468971,6.0,-1.339792,32.917942,118.504592,32.917478,-0.174733,-6.4e-05,-0.409313,0.937794,0.000281,-0.135962,0.0,0.002198,0.0,0.0,0.0,0.0,-9999.0,-9999.0,-9999.0,-9999.0,-9999.0,-9999.0,-9999.0,-9999.0,-9999.0,-9999.0,-9999.0,-9999.0,-9999.0,-9999.0
P21_HV1_1_interaction,active_and_state_lat_and_long_zero_last_source_row_continuous_segment,P21,HV1,1,on_ramp,P21_HV1_1,P21_HV1.1.asc,HV1,60,initiator_active,3925,1,65416.67,65416.6677,1.0,1.0,25.902852,93.250269,7.0,91.549919,-1592.373458,0.212966,0.078238,0.0,25.908077,0.008136,0.0,1592.421324,-34.966649,6.273774,1.0,0.0,0.0,0.0,1692.461434,-40.423544,1021.0,1.0,192.048065,6.0,-1.342717,32.91036,118.477294,32.909846,-0.183802,-5.9e-05,-0.430216,0.964288,0.000272,-0.134549,0.0,0.0,0.0,0.0,0.0,0.0,-9999.0,-9999.0,-9999.0,-9999.0,-9999.0,-9999.0,-9999.0,-9999.0,-9999.0,-9999.0,-9999.0,-9999.0,-9999.0,-9999.0
P21_HV1_1_interaction,active_and_state_lat_and_long_zero_last_source_row_continuous_segment,P21,HV1,1,on_ramp,P21_HV1_1,P21_HV1.1.asc,HV1,60,initiator_active,3926,1,65433.34,65433.3366,1.0,1.0,25.906308,93.262707,7.0,91.981673,-1592.80518,0.208943,0.094786,0.0,25.911627,0.007195,0.0,1592.853122,-34.970552,6.273864,1.0,0.0,0.0,0.0,1692.979441,-40.428527,1021.0,1.0,192.56609,6.0,-1.345084,32.903744,118.45348,32.903187,-0.191533,-5.5e-05,-0.410137,0.983807,0.000268,-0.132037,0.0,0.0,0.0,0.0,0.0,0.0,-9999.0,-9999.0,-9999.0,-9999.0,-9999.0,-9999.0,-9999.0,-9999.0,-9999.0,-9999.0,-9999.0,-9999.0,-9999.0,-9999.0
P21_HV1_1_interaction,active_and_state_lat_and_long_zero_last_source_row_continuous_segment,P21,HV1,1,on_ramp,P21_HV1_1,P21_HV1.1.asc,HV1,60,initiator_active,3927,1,65450.0,65450.0,1.0,1.0,25.909852,93.275466,7.0,92.413485,-1593.236959,0.209199,0.106841,0.0,25.915084,0.006148,0.0,1593.28498,-34.974429,6.273967,1.0,0.0,0.0,0.0,1693.527808,-40.433539,1021.0,1.0,193.114476,6.0,-1.347327,32.89682,118.428553,32.896217,-0.199274,-5e-05,-0.40935,1.009634,0.000301,-0.132037,0.0,0.0,0.0,0.0,0.0,0.0,-9999.0,-9999.0,-9999.0,-9999.0,-9999.0,-9999.0,-9999.0,-9999.0,-9999.0,-9999.0,-9999.0,-9999.0,-9999.0,-9999.0
P21_HV1_1_interaction,active_and_state_lat_and_long_zero_last_source_row_continuous_segment,P21,HV1,1,on_ramp,P21_HV1_1,P21_HV1.1.asc,HV1,60,initiator_active,3928,1,65466.67,65466.6672,1.0,1.0,25.913369,93.288127,7.0,92.845357,-1593.668798,0.209939,0.119505,0.0,25.918564,0.004998,0.0,1593.716895,-34.978275,6.274083,1.0,0.0,0.0,0.0,1694.076062,-40.438273,1021.0,1.0,193.662746,6.0,-1.349292,32.889899,118.403635,32.889249,-0.206675,-4.5e-05,-0.408887,1.014628,0.000345,-0.124344,0.0,0.0,0.0,0.0,0.0,0.0,-9999.0,-9999.0,-9999.0,-9999.0,-9999.0,-9999.0,-9999.0,-9999.0,-9999.0,-9999.0,-9999.0,-9999.0,-9999.0,-9999.0
P21_HV1_1_interaction,active_and_state_lat_and_long_zero_last_source_row_continuous_segment,P21,HV1,1,on_ramp,P21_HV1_1,P21_HV1.1.asc,HV1,60,initiator_active,3929,1,65483.33,65483.3334,1.0,1.0,25.916828,93.300581,7.0,93.277286,-1594.100693,0.209015,0.132318,0.0,25.922085,0.003722,0.0,1594.148868,-34.982088,6.274212,1.0,0.0,0.0,0.0,1694.624203,-40.442723,1021.0,1.0,194.210903,6.0,-1.350973,32.882977,118.378718,32.882283,-0.213645,-3.8e-05,-0.408602,1.023481,0.000405,-0.118692,0.0,0.0,0.0,0.0,0.0,0.0,-9999.0,-9999.0,-9999.0,-9999.0,-9999.0,-9999.0,-9999.0,-9999.0,-9999.0,-9999.0,-9999.0,-9999.0,-9999.0,-9999.0
P21_HV1_1_interaction,active_and_state_lat_and_long_zero_last_source_row_continuous_segment,P21,HV1,1,on_ramp,P21_HV1_1,P21_HV1.1.asc,HV1,60,initiator_active,3930,1,65500.0,65500.0,1.0,1.0,25.920314,93.313131,7.0,93.709273,-1594.532647,0.213267,0.141504,0.0,25.925544,0.002339,0.0,1594.580901,-34.985863,6.274352,1.0,0.0,0.0,0.0,1695.172231,-40.446885,1021.0,1.0,194.758944,6.0,-1.352368,32.876056,118.353802,32.875319,-0.220163,-3e-05,-0.408306,1.027457,0.000469,-0.111627,0.0,0.0,0.0,0.0,0.0,0.0,-9999.0,-9999.0,-9999.0,-9999.0,-9999.0,-9999.0,-9999.0,-9999.0,-9999.0,-9999.0,-9999.0,-9999.0,-9999.0,-9999.0
P21_HV1_1_interaction,active_and_state_lat_and_long_zero_last_source_row_continuous_segment,P21,HV1,1,on_ramp,P21_HV1_1,P21_HV1.1.asc,HV1,60,initiator_active,3931,1,65516.67,65516.6676,1.0,1.0,25.923827,93.325776,7.0,94.141319,-1594.964658,0.194689,0.147834,0.0,25.928952,0.000837,0.0,1595.012992,-34.989599,6.274502,1.0,0.0,0.0,0.0,1695.720145,-40.450756,1021.0,1.0,195.306871,6.0,-1.353472,32.869137,118.328893,32.868358,-0.226218,-2.2e-05,-0.407989,1.029505,0.000548,-0.104719,0.0,0.0,0.0,0.0,0.0,0.0,-9999.0,-9999.0,-9999.0,-9999.0,-9999.0,-9999.0,-9999.0,-9999.0,-9999.0,-9999.0,-9999.0,-9999.0,-9999.0,-9999.0
P21_HV1_1_interaction,active_and_state_lat_and_long_zero_last_source_row_continuous_segment,P21,HV1,1,on_ramp,P21_HV1_1,P21_HV1.1.asc,HV1,60,initiator_active,3932,1,65533.33,65533.3344,1.0,1.0,25.927321,93.338356,7.0,94.573423,-1595.396727,0.21295,0.157126,0.0,25.932304,-0.000791,0.0,1595.445138,-34.993293,6.274662,1.0,0.0,0.0,0.0,1696.267946,-40.454333,1021.0,1.0,195.854684,6.0,-1.354283,32.862219,118.30399,32.861402,-0.231711,-1.2e-05,-0.407687,1.028463,0.000614,-0.097026,0.0,0.0,0.0,0.0,0.0,0.0,-9999.0,-9999.0,-9999.0,-9999.0,-9999.0,-9999.0,-9999.0,-9999.0,-9999.0,-9999.0,-9999.0,-9999.0,-9999.0,-9999.0
P21_HV1_1_interaction,active_and_state_lat_and_long_zero_last_source_row_continuous_segment,P21,HV1,1,on_ramp,P21_HV1_1,P21_HV1.1.asc,HV1,60,initiator_active,3933,1,65550.0,65550.0005,1.0,1.0,25.930574,93.350068,7.0,95.005583,-1595.828851,0.213823,0.163281,0.0,25.935861,-0.002494,0.0,1595.877343,-34.996943,6.27483,1.0,0.0,0.0,0.0,1696.815634,-40.457615,1021.0,1.0,196.402381,6.0,-1.354799,32.855303,118.279091,32.854452,-0.236518,-0.0,-0.407594,1.04379,0.000729,-0.097026,0.0,0.0,0.0,0.0,0.0,0.0,-9999.0,-9999.0,-9999.0,-9999.0,-9999.0,-9999.0,-9999.0,-9999.0,-9999.0,-9999.0,-9999.0,-9999.0,-9999.0,-9999.0
P21_HV1_1_interaction,active_and_state_lat_and_long_zero_last_source_row_continuous_segment,P21,HV1,1,on_ramp,P21_HV1_1,P21_HV1.1.asc,HV1,60,initiator_active,3934,1,65566.67,65566.667,1.0,1.0,25.934078,93.362681,7.0,95.4378,-1596.261031,0.214197,0.170867,0.0,25.939389,-0.004249,0.0,1596.309607,-35.000548,6.275003,1.0,0.0,0.0,0.0,1697.393626,-40.460758,1021.0,1.0,196.980381,6.0,-1.355022,32.848006,118.252822,32.847122,-0.240976,1.3e-05,-0.407121,1.02689,0.000795,-0.084623,0.0,0.0,0.0,0.0,0.0,0.0,-9999.0,-9999.0,-9999.0,-9999.0,-9999.0,-9999.0,-9999.0,-9999.0,-9999.0,-9999.0,-9999.0,-9999.0,-9999.0,-9999.0
P21_HV1_1_interaction,active_and_state_lat_and_long_zero_last_source_row_continuous_segment,P21,HV1,1,on_ramp,P21_HV1_1,P21_HV1.1.asc,HV1,60,initiator_active,3935,1,65583.35,65583.3532,1.0,1.0,25.937643,93.375514,7.0,95.870077,-1596.69327,0.210587,0.17556,0.0,25.942937,-0.00601,0.0,1596.74193,-35.004106,6.275181,1.0,0.0,0.0,0.0,1697.910669,-40.463289,1021.0,1.0,197.49743,6.0,-1.354943,32.84148,118.229327,32.840571,-0.244255,2.6e-05,-0.406911,1.02519,0.00085,-0.079599,0.0,0.0,0.0,0.0,0.0,0.0,-9999.0,-9999.0,-9999.0,-9999.0,-9999.0,-9999.0,-9999.0,-9999.0,-9999.0,-9999.0,-9999.0,-9999.0,-9999.0,-9999.0
P21_HV1_1_interaction,active_and_state_lat_and_long_zero_last_source_row_continuous_segment,P21,HV1,1,on_ramp,P21_HV1_1,P21_HV1.1.asc,HV1,60,initiator_active,3936,1,65600.0,65600.001,1.0,1.0,25.941174,93.388225,7.0,96.302413,-1597.125567,0.212902,0.177287,0.0,25.946461,-0.007766,0.0,1597.174312,-35.007616,6.275361,1.0,0.0,0.0,0.0,1698.48842,-40.465804,1021.0,1.0,198.075187,6.0,-1.354541,32.834188,118.203076,32.833258,-0.247072,4.2e-05,-0.406729,1.025713,0.000921,-0.076145,0.0,0.002198,0.0,0.0,0.0,0.0,-9999.0,-9999.0,-9999.0,-9999.0,-9999.0,-9999.0,-9999.0,-9999.0,-9999.0,-9999.0,-9999.0,-9999.0,-9999.0,-9999.0
P21_HV1_1_interaction,active_and_state_lat_and_long_zero_last_source_row_continuous_segment,P21,HV1,1,on_ramp,P21_HV1_1,P21_HV1.1.asc,HV1,60,initiator_active,3937,1,65616.67,65616.6673,1.0,1.0,25.944691,93.400888,7.0,96.734807,-1597.557923,0.209894,0.179502,0.0,25.949975,-0.009499,0.0,1597.606754,-35.011078,6.275542,1.0,0.0,0.0,0.0,1699.035646,-40.467882,1021.0,1.0,198.622416,6.0,-1.353855,32.827009,118.177234,32.826066,-0.248881,5.8e-05,-0.427454,1.026286,0.000949,-0.073947,0.0,0.0,0.0,0.0,0.0,0.0,-9999.0,-9999.0,-9999.0,-9999.0,-9999.0,-9999.0,-9999.0,-9999.0,-9999.0,-9999.0,-9999.0,-9999.0,-9999.0,-9999.0
P21_HV1_1_interaction,active_and_state_lat_and_long_zero_last_source_row_continuous_segment,P21,HV1,1,on_ramp,P21_HV1_1,P21_HV1.1.asc,HV1,60,initiator_active,3938,1,65633.33,65633.3343,1.0,1.0,25.948234,93.413644,7.0,97.167261,-1597.990337,0.212885,0.179438,0.0,25.953492,-0.011162,0.0,1598.039254,-35.014491,6.275722,1.0,0.0,0.0,0.0,1699.552362,-40.469572,1021.0,1.0,199.139135,6.0,-1.352936,32.820402,118.153447,32.819451,-0.249816,7.3e-05,-0.407471,1.027735,0.000959,-0.073162,0.0,0.0,0.0,0.0,0.0,0.0,-9999.0,-9999.0,-9999.0,-9999.0,-9999.0,-9999.0,-9999.0,-9999.0,-9999.0,-9999.0,-9999.0,-9999.0,-9999.0,-9999.0
P21_HV1_1_interaction,active_and_state_lat_and_long_zero_last_source_row_continuous_segment,P21,HV1,1,on_ramp,P21_HV1_1,P21_HV1.1.asc,HV1,60,initiator_active,3939,1,65650.0,65650.001,1.0,1.0,25.951724,93.426205,7.0,97.599773,-1598.422808,0.212834,0.177122,0.0,25.957038,-0.01279,0.0,1598.471814,-35.017855,6.275899,1.0,0.0,0.0,0.0,1700.129746,-40.471148,1021.0,1.0,199.716519,6.0,-1.351595,32.813107,118.127186,32.812155,-0.250002,9e-05,-0.406639,1.028784,0.000955,-0.073162,0.0,0.0,0.0,0.0,0.0,0.0,-9999.0,-9999.0,-9999.0,-9999.0,-9999.0,-9999.0,-9999.0,-9999.0,-9999.0,-9999.0,-9999.0,-9999.0,-9999.0,-9999.0
P21_HV1_1_interaction,active_and_state_lat_and_long_zero_last_source_row_continuous_segment,P21,HV1,1,on_ramp,P21_HV1_1,P21_HV1.1.asc,HV1,60,initiator_active,3940,1,65666.68,65666.6819,1.0,1.0,25.955265,93.438955,7.0,98.032344,-1598.855338,0.208725,0.176228,0.0,25.960583,-0.014324,0.0,1598.904433,-35.021171,6.276071,1.0,0.0,0.0,0.0,1700.676624,-40.472336,1021.0,2.0,0.263396,6.0,-1.350022,32.806202,118.102327,32.805254,-0.249407,0.000106,-0.406435,1.027366,0.000952,-0.073947,0.0,0.0,0.0,0.0,0.0,0.0,-9999.0,-9999.0,-9999.0,-9999.0,-9999.0,-9999.0,-9999.0,-9999.0,-9999.0,-9999.0,-9999.0,-9999.0,-9999.0,-9999.0
P21_HV1_1_interaction,active_and_state_lat_and_long_zero_last_source_row_continuous_segment,P21,HV1,1,on_ramp,P21_HV1_1,P21_HV1.1.asc,HV1,60,initiator_active,3941,1,65683.33,65683.3335,1.0,1.0,25.958811,93.45172,7.0,98.464975,-1599.287926,0.211097,0.171785,0.0,25.964099,-0.015704,0.0,1599.337112,-35.02444,6.276237,1.0,0.0,0.0,0.0,1701.193014,-40.473187,1021.0,2.0,0.779784,6.0,-1.348265,32.799683,118.07886,32.798744,-0.248232,0.000121,-0.406324,1.024035,0.000932,-0.073947,0.0,0.0,0.0,0.0,0.0,0.0,-9999.0,-9999.0,-9999.0,-9999.0,-9999.0,-9999.0,-9999.0,-9999.0,-9999.0,-9999.0,-9999.0,-9999.0,-9999.0,-9999.0
P21_HV1_1_interaction,active_and_state_lat_and_long_zero_last_source_row_continuous_segment,P21,HV1,1,on_ramp,P21_HV1_1,P21_HV1.1.asc,HV1,60,initiator_active,3942,1,65700.0,65700.0009,1.0,1.0,25.962321,93.464355,7.0,98.897664,-1599.720572,0.212997,0.167911,0.0,25.967574,-0.016951,0.0,1599.769849,-35.027663,6.276395,1.0,0.0,0.0,0.0,1701.739668,-40.473801,1021.0,2.0,1.326434,6.0,-1.346119,32.792784,118.054023,32.791858,-0.246414,0.000136,-0.406231,1.018648,0.000886,-0.073476,0.0,0.0,0.0,0.0,0.0,0.0,-9999.0,-9999.0,-9999.0,-9999.0,-9999.0,-9999.0,-9999.0,-9999.0,-9999.0,-9999.0,-9999.0,-9999.0,-9999.0,-9999.0
P21_HV1_1_interaction,active_and_state_lat_and_long_zero_last_source_row_continuous_segment,P21,HV1,1,on_ramp,P21_HV1_1,P21_HV1.1.asc,HV1,60,initiator_active,3943,1,65716.7,65716.6984,1.0,1.0,25.965857,93.477086,7.0,99.330412,-1600.153276,0.206271,0.160764,0.0,25.971106,-0.018037,0.0,1600.202645,-35.030841,6.276544,1.0,0.0,0.0,0.0,1702.316568,-40.474133,1021.0,2.0,1.903328,6.0,-1.343537,32.785506,118.02782,32.784598,-0.243932,0.000151,-0.40614,1.011159,0.000813,-0.073476,0.0,0.0,0.0,0.0,0.0,0.0,-9999.0,-9999.0,-9999.0,-9999.0,-9999.0,-9999.0,-9999.0,-9999.0,-9999.0,-9999.0,-9999.0,-9999.0,-9999.0,-9999.0
P21_HV1_1_interaction,active_and_state_lat_and_long_zero_last_source_row_continuous_segment,P21,HV1,1,on_ramp,P21_HV1_1,P21_HV1.1.asc,HV1,60,initiator_active,3944,1,65733.33,65733.3334,1.0,1.0,25.969348,93.489653,7.0,99.763219,-1600.586038,0.205138,0.156259,0.0,25.974532,-0.018937,0.0,1600.6355,-35.033975,6.276682,1.0,0.0,0.0,0.0,1702.832633,-40.474156,1021.0,2.0,2.419386,6.0,-1.340954,32.778996,118.004387,32.778108,-0.241287,0.000163,-0.406058,1.003085,0.000735,-0.073476,0.0,0.002198,0.0,0.0,0.0,0.0,-9999.0,-9999.0,-9999.0,-9999.0,-9999.0,-9999.0,-9999.0,-9999.0,-9999.0,-9999.0,-9999.0,-9999.0,-9999.0,-9999.0
